data/grid_wald 100p/dem_horlachtal_100.asc
ncols         204
nrows         172
xllcorner     40782,5
yllcorner     212402,5
cellsize      100
NODATA_value  -9999
[rows 84 to 111 of 172, columns 0 to 62 of 204]
2496,719 2496,169 2496,169 2513,959 2426,147 2342,165 2342,165 2273,614 2222,667 2183,332 2183,332 2088,782 1951,959 1951,959 1826,339 1738,913 1703,202 1703,202 1783,514 1872,206 1934,358 1934,358 2038,491 2151,885 2132,19 2132,19 2032,163 1930,419 1840,349 1840,349 1742,599 1599,174 1457,14 1457,14 1330,621 1267,036 1235,654 1235,654 1149,48 1062,963 1062,963 1022,833 1068,64 1089,172 1089,172 1106,14 1162,514 1196,113 1196,113 1242,887 1288,826 1297,754 1297,754 1311,311 1255,041 1211,251 1211,251 1236,167 1349,401 1442,037 1442,037 1473,378 1504,993
2496,719 2496,169 2496,169 2513,959 2426,147 2342,165 2342,165 2273,614 2222,667 2183,332 2183,332 2088,782 1951,959 1951,959 1826,339 1738,913 1703,202 1703,202 1783,514 1872,206 1934,358 1934,358 2038,491 2151,885 2132,19 2132,19 2032,163 1930,419 1840,349 1840,349 1742,599 1599,174 1457,14 1457,14 1330,621 1267,036 1235,654 1235,654 1149,48 1062,963 1062,963 1022,833 1068,64 1089,172 1089,172 1106,14 1162,514 1196,113 1196,113 1242,887 1288,826 1297,754 1297,754 1311,311 1255,041 1211,251 1211,251 1236,167 1349,401 1442,037 1442,037 1473,378 1504,993
2566,127 2510,46 2510,46 2440,296 2390,435 2309,449 2309,449 2225,503 2148,931 2088,261 2088,261 2013,251 1920,057 1920,057 1804,302 1726,651 1726,204 1726,204 1809,105 1890,566 1961,076 1961,076 2043,595 2139,707 2107,655 2107,655 2022,194 1929,934 1827,175 1827,175 1706,901 1585,113 1466,87 1466,87 1367,993 1354,162 1313,368 1313,368 1202,147 1104,996 1104,996 1025,108 1023,427 1056,408 1056,408 1100,567 1163,855 1217,166 1217,166 1257,686 1291,359 1307,647 1307,647 1351,366 1349,033 1297,938 1297,938 1258,426 1285,384 1358,647 1358,647 1429,647 1474,163
2558,383 2485,065 2485,065 2449,644 2385,856 2318,197 2318,197 2252,35 2178,512 2107,201 2107,201 1997,741 1886,315 1886,315 1799,101 1745,863 1749,575 1749,575 1826,553 1898,478 1974,88 1974,88 2064,413 2135,754 2068,841 2068,841 1974,575 1882,106 1779,145 1779,145 1682,801 1593,957 1497,666 1497,666 1444,337 1411,732 1358,975 1358,975 1247,058 1156,895 1156,895 1069,708 1020,598 1024,236 1024,236 1055,928 1146,9 1231,455 1231,455 1277,798 1319,913 1357,033 1357,033 1401,118 1418,778 1398,115 1398,115 1368,604 1370,481 1401,189 1401,189 1435,389 1486,529
2558,447 2510,238 2510,238 2449,573 2395,469 2341,829 2341,829 2320,989 2247,762 2141,787 2141,787 2013,2 1885,887 1885,887 1788,247 1747,265 1766,944 1766,944 1841,179 1917,795 1998,036 1998,036 2101,841 2110,125 2021,786 2021,786 1919,733 1825,963 1737,134 1737,134 1653,658 1582,537 1515,4 1515,4 1459,088 1424,727 1388,324 1388,324 1318,229 1219,915 1219,915 1092,755 1036,403 1026,048 1026,048 1035,556 1106,662 1206,813 1206,813 1282,529 1324,04 1360,163 1360,163 1388,32 1410,457 1449,257 1449,257 1477,04 1481,256 1505,315 1505,315 1542,288 1585,808
2558,447 2510,238 2510,238 2449,573 2395,469 2341,829 2341,829 2320,989 2247,762 2141,787 2141,787 2013,2 1885,887 1885,887 1788,247 1747,265 1766,944 1766,944 1841,179 1917,795 1998,036 1998,036 2101,841 2110,125 2021,786 2021,786 1919,733 1825,963 1737,134 1737,134 1653,658 1582,537 1515,4 1515,4 1459,088 1424,727 1388,324 1388,324 1318,229 1219,915 1219,915 1092,755 1036,403 1026,048 1026,048 1035,556 1106,662 1206,813 1206,813 1282,529 1324,04 1360,163 1360,163 1388,32 1410,457 1449,257 1449,257 1477,04 1481,256 1505,315 1505,315 1542,288 1585,808
2619,776 2546,191 2546,191 2471,453 2415,021 2377,674 2377,674 2342,075 2251,138 2139,65 2139,65 2009,723 1878,262 1878,262 1785,819 1759,901 1794,054 1794,054 1866,832 1951,071 2051,227 2051,227 2126,795 2043,738 1942,689 1942,689 1856,666 1774,433 1695,792 1695,792 1619,947 1553,815 1494,706 1494,706 1445,051 1412,14 1382,067 1382,067 1330,816 1226,98 1226,98 1123,55 1058,101 1031,346 1031,346 1034,137 1063,577 1146,785 1146,785 1240,377 1326,987 1379,915 1379,915 1402,74 1423,473 1468,138 1468,138 1515,313 1551,829 1586,242 1586,242 1624,437 1651,755
2537,223 2443,093 2443,093 2392,839 2388,076 2320,662 2320,662 2225,911 2137,905 2067,774 2067,774 1989,844 1882,069 1882,069 1795,361 1787,401 1830,084 1830,084 1900,792 1995,676 2103,976 2103,976 2081,194 1975,694 1874,024 1874,024 1798,26 1721,721 1648,017 1648,017 1579,528 1516,995 1463,281 1463,281 1421,236 1386,396 1361,318 1361,318 1302,597 1237,913 1237,913 1176,263 1101,274 1052,644 1052,644 1037,687 1044,996 1099,768 1099,768 1176,87 1260,269 1348,464 1348,464 1432,877 1454,509 1496,27 1496,27 1536,475 1579,229 1613,044 1613,044 1638,729 1662,43
2537,223 2443,093 2443,093 2392,839 2388,076 2320,662 2320,662 2225,911 2137,905 2067,774 2067,774 1989,844 1882,069 1882,069 1795,361 1787,401 1830,084 1830,084 1900,792 1995,676 2103,976 2103,976 2081,194 1975,694 1874,024 1874,024 1798,26 1721,721 1648,017 1648,017 1579,528 1516,995 1463,281 1463,281 1421,236 1386,396 1361,318 1361,318 1302,597 1237,913 1237,913 1176,263 1101,274 1052,644 1052,644 1037,687 1044,996 1099,768 1099,768 1176,87 1260,269 1348,464 1348,464 1432,877 1454,509 1496,27 1496,27 1536,475 1579,229 1613,044 1613,044 1638,729 1662,43
2489,142 2408,686 2408,686 2352,342 2311,973 2263,466 2263,466 2174,365 2077,439 2010,566 2010,566 1945,294 1870,505 1870,505 1821,419 1816,658 1871,208 1871,208 1944,905 2036,648 2102,054 2102,054 2016,941 1910,094 1813,172 1813,172 1740,891 1663,838 1587,873 1587,873 1524,387 1475,057 1435,413 1435,413 1399,924 1377,359 1363,104 1363,104 1352,196 1308,13 1308,13 1226,17 1157 1113,165 1113,165 1065,286 1045,301 1055,165 1055,165 1115,018 1198,402 1303,165 1303,165 1420,397 1500,227 1540,787 1540,787 1562,688 1588,594 1605,66 1605,66 1618,94 1637,958
2558,741 2465,179 2465,179 2389,491 2321,339 2291,62 2291,62 2208,941 2127,828 2040,963 2040,963 1965,11 1871,102 1871,102 1826,123 1832,667 1895,056 1895,056 1979,228 2072,337 2057,917 2057,917 1959,184 1869,756 1782,915 1782,915 1703,39 1621,059 1545,951 1545,951 1491,897 1463,593 1454,086 1454,086 1414,496 1379,193 1355,805 1355,805 1354,119 1344,793 1344,793 1272,297 1210,96 1159,79 1159,79 1119,222 1069,671 1053,469 1053,469 1072,104 1153,903 1266,951 1266,951 1381,074 1481,34 1525,79 1525,79 1547,843 1562,927 1584,943 1584,943 1598,738 1630,18
2648,18 2576,114 2576,114 2504,577 2406,618 2333,212 2333,212 2261,036 2178,643 2078,067 2078,067 1980,275 1890,089 1890,089 1850,515 1858,753 1937,125 1937,125 2023,681 2076,1 1997,636 1997,636 1914,494 1828,609 1754,934 1754,934 1684,191 1593,248 1524,607 1524,607 1493,648 1482,281 1467,07 1467,07 1428,917 1386,43 1367,986 1367,986 1364,375 1354,732 1354,732 1331,525 1279,104 1225,297 1225,297 1174,696 1125,101 1073,041 1073,041 1061,558 1123,153 1217,001 1217,001 1322,218 1392,79 1465,998 1465,998 1523,188 1544,222 1570,312 1570,312 1594,266 1622,889
2648,18 2576,114 2576,114 2504,577 2406,618 2333,212 2333,212 2261,036 2178,643 2078,067 2078,067 1980,275 1890,089 1890,089 1850,515 1858,753 1937,125 1937,125 2023,681 2076,1 1997,636 1997,636 1914,494 1828,609 1754,934 1754,934 1684,191 1593,248 1524,607 1524,607 1493,648 1482,281 1467,07 1467,07 1428,917 1386,43 1367,986 1367,986 1364,375 1354,732 1354,732 1331,525 1279,104 1225,297 1225,297 1174,696 1125,101 1073,041 1073,041 1061,558 1123,153 1217,001 1217,001 1322,218 1392,79 1465,998 1465,998 1523,188 1544,222 1570,312 1570,312 1594,266 1622,889
2745,375 2718,775 2718,775 2644,308 2539,484 2430,897 2430,897 2332,507 2221,732 2094,888 2094,888 1986,333 1923,099 1923,099 1899,94 1919,43 1985,25 1985,25 2049,69 2072,135 1980,579 1980,579 1891,457 1809,861 1739,213 1739,213 1666,566 1581,808 1531,77 1531,77 1516,56 1510,017 1490,407 1490,407 1444,688 1396,271 1374,128 1374,128 1369,869 1363,981 1363,981 1354,238 1352,46 1315,377 1315,377 1244,687 1180,263 1119,212 1119,212 1071,68 1100,444 1137,885 1137,885 1195,671 1287,363 1408,781 1408,781 1472,875 1512,276 1551,272 1551,272 1581,377 1597,16
2834,375 2805,264 2805,264 2727,241 2622,946 2472,334 2472,334 2337,776 2221,291 2101,505 2101,505 1996,58 1947,116 1947,116 1934,288 1958,978 1999,24 1999,24 2055,356 2091,753 1993,991 1993,991 1891,188 1799,936 1730,409 1730,409 1665,36 1606,483 1571,701 1571,701 1548,836 1516,683 1491,548 1491,548 1449,533 1403,914 1383,231 1383,231 1378,786 1364,306 1364,306 1367,651 1382,858 1380,358 1380,358 1310,045 1241,302 1162,933 1162,933 1077,116 1080,553 1092,563 1092,563 1128,521 1246,72 1356,387 1356,387 1424,352 1460,07 1491,537 1491,537 1523,703 1563,299
2910,622 2830,294 2830,294 2712,304 2590,939 2482,642 2482,642 2363,248 2231,205 2113,72 2113,72 1999,524 1956,557 1956,557 1940,56 1961,563 2002,779 2002,779 2060,442 2101,219 2006,673 2006,673 1905,806 1818,605 1746,056 1746,056 1688,583 1656,174 1599,755 1599,755 1549,504 1516,513 1480,581 1480,581 1453,194 1424,916 1411,513 1411,513 1394,308 1372,948 1372,948 1368,948 1381,461 1398,242 1398,242 1382,769 1308,599 1235,665 1235,665 1151,366 1129,065 1114,589 1114,589 1105,559 1204,17 1282,937 1282,937 1349,702 1398,312 1443,357 1443,357 1485,019 1506,953
2910,622 2830,294 2830,294 2712,304 2590,939 2482,642 2482,642 2363,248 2231,205 2113,72 2113,72 1999,524 1956,557 1956,557 1940,56 1961,563 2002,779 2002,779 2060,442 2101,219 2006,673 2006,673 1905,806 1818,605 1746,056 1746,056 1688,583 1656,174 1599,755 1599,755 1549,504 1516,513 1480,581 1480,581 1453,194 1424,916 1411,513 1411,513 1394,308 1372,948 1372,948 1368,948 1381,461 1398,242 1398,242 1382,769 1308,599 1235,665 1235,665 1151,366 1129,065 1114,589 1114,589 1105,559 1204,17 1282,937 1282,937 1349,702 1398,312 1443,357 1443,357 1485,019 1506,953
2994,563 2902,997 2902,997 2758,329 2608,614 2490,442 2490,442 2367,557 2248,723 2125,583 2125,583 2025,024 1973,204 1973,204 1947,104 1959,036 1997,125 1997,125 2049,79 2101,89 2031,696 2031,696 1938,128 1842,757 1755,693 1755,693 1684,738 1629,159 1582,774 1582,774 1537,657 1507,797 1478,294 1478,294 1454,184 1444,692 1446,417 1446,417 1416,907 1390,967 1390,967 1372,197 1375,314 1399,54 1399,54 1425,023 1382,109 1323,848 1323,848 1261,912 1207,428 1142,328 1142,328 1108,363 1143,638 1208,905 1208,905 1278,129 1341,619 1389,522 1389,522 1420,284 1465,095
3009,887 2958,831 2958,831 2838,62 2707,494 2576,697 2576,697 2417,549 2299,619 2167,285 2167,285 2035,234 1981,369 1981,369 1960,698 1965,196 1993,46 1993,46 2045,752 2120,876 2083,708 2083,708 1982,77 1863,897 1756,297 1756,297 1674,917 1621,101 1571,868 1571,868 1541,19 1506,025 1462,559 1462,559 1450,214 1456,109 1471,583 1471,583 1453,957 1421,334 1421,334 1384,84 1383,849 1406,246 1406,246 1410,272 1397,894 1382,692 1382,692 1344,628 1277,911 1201,228 1201,228 1125,848 1123,197 1158,005 1158,005 1205,513 1283,219 1336,318 1336,318 1379,977 1400,25
2903,82 2911,079 2911,079 2806,042 2696,096 2573,216 2573,216 2450,889 2321,718 2162,296 2162,296 2047,9 1991,656 1991,656 1966,585 1968,875 2000,078 2000,078 2053,013 2133,295 2156,775 2156,775 2046,361 1910,727 1776,015 1776,015 1697,535 1632,664 1582,534 1582,534 1555,85 1508,569 1472,499 1472,499 1467,393 1467,903 1481,338 1481,338 1489,004 1454,334 1454,334 1404,953 1396,176 1396,488 1396,488 1378,14 1371,972 1365,853 1365,853 1362,285 1328,76 1247,911 1247,911 1143,138 1122,2 1140,423 1140,423 1164,099 1214,468 1279,233 1279,233 1323,464 1308,832
2903,82 2911,079 2911,079 2806,042 2696,096 2573,216 2573,216 2450,889 2321,718 2162,296 2162,296 2047,9 1991,656 1991,656 1966,585 1968,875 2000,078 2000,078 2053,013 2133,295 2156,775 2156,775 2046,361 1910,727 1776,015 1776,015 1697,535 1632,664 1582,534 1582,534 1555,85 1508,569 1472,499 1472,499 1467,393 1467,903 1481,338 1481,338 1489,004 1454,334 1454,334 1404,953 1396,176 1396,488 1396,488 1378,14 1371,972 1365,853 1365,853 1362,285 1328,76 1247,911 1247,911 1143,138 1122,2 1140,423 1140,423 1164,099 1214,468 1279,233 1279,233 1323,464 1308,832
2811,025 2824,248 2824,248 2774,776 2658,235 2550,507 2550,507 2441,809 2313,832 2175,853 2175,853 2057,815 2003,592 2003,592 1972,449 1982,898 2020,21 2020,21 2073,667 2138,83 2190,02 2190,02 2082,515 1965,498 1824,162 1824,162 1730,921 1657,628 1599,06 1599,06 1553,745 1513,257 1497,384 1497,384 1498,729 1488,086 1485,119 1485,119 1491,732 1480,201 1480,201 1449,114 1438,538 1419,771 1419,771 1383,37 1359,875 1346,61 1346,61 1342,949 1341,181 1292,235 1292,235 1211,695 1157,464 1147,42 1147,42 1134,92 1163,493 1227,172 1227,172 1260,682 1239,618
2718,349 2737,229 2737,229 2693,887 2601,345 2508,024 2508,024 2413,779 2305,517 2185,591 2185,591 2074,995 2031,706 2031,706 1991,113 1994,349 2033,519 2033,519 2075,631 2126,438 2196,006 2196,006 2121,394 2022,555 1876,627 1876,627 1767,273 1701,518 1638,716 1638,716 1573,848 1532,133 1524,3 1524,3 1520,046 1520,042 1511,476 1511,476 1498,421 1489,907 1489,907 1467,519 1472,295 1472,127 1472,127 1423,723 1350,003 1333,937 1333,937 1333,013 1334,541 1309,695 1309,695 1216,107 1200,551 1237,97 1237,97 1188,917 1146,887 1152,386 1152,386 1170,229 1177,577
2602,703 2579,276 2579,276 2518,581 2513,685 2440,121 2440,121 2343,973 2274,663 2185,944 2185,944 2105,65 2067,755 2067,755 2023,535 1998,734 2033,132 2033,132 2072,292 2115,985 2189,758 2189,758 2167,671 2078,945 1960,444 1960,444 1835,931 1760,427 1683,831 1683,831 1618,398 1575,297 1552,915 1552,915 1548,243 1557,246 1540,615 1540,615 1523,291 1499,993 1499,993 1469,852 1466,73 1467,088 1467,088 1427,58 1348,786 1311,08 1311,08 1300,624 1291,361 1271,372 1271,372 1207,942 1204,198 1256,845 1256,845 1247,859 1219,602 1183,128 1183,128 1163,292 1147,662
2602,703 2579,276 2579,276 2518,581 2513,685 2440,121 2440,121 2343,973 2274,663 2185,944 2185,944 2105,65 2067,755 2067,755 2023,535 1998,734 2033,132 2033,132 2072,292 2115,985 2189,758 2189,758 2167,671 2078,945 1960,444 1960,444 1835,931 1760,427 1683,831 1683,831 1618,398 1575,297 1552,915 1552,915 1548,243 1557,246 1540,615 1540,615 1523,291 1499,993 1499,993 1469,852 1466,73 1467,088 1467,088 1427,58 1348,786 1311,08 1311,08 1300,624 1291,361 1271,372 1271,372 1207,942 1204,198 1256,845 1256,845 1247,859 1219,602 1183,128 1183,128 1163,292 1147,662
2521,77 2473,516 2473,516 2413,171 2378,904 2338,431 2338,431 2277,988 2233,512 2207,745 2207,745 2148,437 2095,135 2095,135 2046,621 2016,146 2027,935 2027,935 2065,385 2103,931 2178,48 2178,48 2208,347 2109,306 2004,185 2004,185 1914,23 1825,769 1736,991 1736,991 1666,183 1627,139 1602,936 1602,936 1583,664 1573,969 1565,059 1565,059 1539,82 1501,985 1501,985 1464,141 1441,569 1423,95 1423,95 1396,24 1334,71 1276,04 1276,04 1248,291 1246,812 1235,8 1235,8 1206,504 1199,094 1232,77 1232,77 1234,802 1226,722 1210,421 1210,421 1178,941 1146,551
2476,512 2410,789 2410,789 2341,136 2299,244 2267,859 2267,859 2246,642 2226,214 2211,279 2211,279 2182,342 2130,327 2130,327 2074,389 2026,686 2024,763 2024,763 2042,249 2092,348 2175,137 2175,137 2229,337 2151,228 2063,099 2063,099 1956,121 1872,005 1780,411 1780,411 1715,495 1683,892 1654,891 1654,891 1616,422 1595,515 1579,211 1579,211 1559,109 1517,515 1517,515 1463,237 1416,43 1381,623 1381,623 1358,485 1316,538 1259,847 1259,847 1246,839 1248,344 1230,852 1230,852 1201,375 1183,377 1195,809 1195,809 1212,146 1221,587 1219,165 1219,165 1171,24 1148,79
2456,406 2387,122 2387,122 2319,789 2277,667 2256,82 2256,82 2239,222 2213,357 2203,28 2203,28 2184,877 2147,9 2147,9 2086,882 2029,202 2022,309 2022,309 2038,239 2110,102 2191,106 2191,106 2246,459 2190,139 2095,186 2095,186 1995,889 1906,617 1823,82 1823,82 1770,952 1725,323 1681,323 1681,323 1643,841 1617,217 1589,378 1589,378 1570,649 1551,105 1551,105 1491,453 1425,559 1380,422 1380,422 1330,065 1272,614 1236,696 1236,696 1238,388 1229,32 1204,43 1204,43 1171,576 1158,533 1169,526 1169,526 1188,085 1203,115 1210,262 1210,262 1156,693 1150,584
