data/grid_wald 100p/dem_horlachtal_100.asc
ncols         204
nrows         172
xllcorner     40782,5
yllcorner     212402,5
cellsize      100
NODATA_value  -9999
[rows 28 to 55 of 172, columns 126 to 188 of 204]
2750,397 2792,606 2761,968 2761,968 2778,907 2855,413 2823,652 2823,652 2791,939 2751,531 2670,701 2670,701 2602,024 2552,911 2528,647 2528,647 2529,331 2536,869 2558,06 2558,06 2542,78 2520,203 2520,203 2511,476 2527,062 2584,148 2584,148 2701,44 2648,724 2531,148 2531,148 2468,835 2433,229 2425,585 2425,585 2401,255 2408,763 2417,856 2417,856 2324,132 2215,165 2082,952 2082,952 1946,151 1838,955 1774,871 1774,871 1821,297 1958,561 1958,561 2015,536 2100,698 2207,821 2207,821 2321,413 2422 2502,673 2502,673 2490,559 2434,064 2379,73 2379,73 2310,604
2700,247 2748,617 2729,445 2729,445 2746,98 2832,221 2869,8 2869,8 2800,314 2745,939 2709,255 2709,255 2648,664 2622,009 2607,15 2607,15 2563,545 2559,667 2561,485 2561,485 2555,998 2556,429 2556,429 2577,812 2628,521 2723,439 2723,439 2755,38 2687,468 2594,277 2594,277 2511,606 2435,891 2413,413 2413,413 2378,271 2350,328 2333,093 2333,093 2274,087 2186,739 2096,482 2096,482 1994,611 1877,161 1800,489 1800,489 1837,664 1926,876 1926,876 2037,596 2136,354 2227,044 2227,044 2310,628 2414,068 2498,659 2498,659 2449,408 2375,141 2326,935 2326,935 2269,637
2674,028 2715,153 2711,642 2711,642 2730,426 2806,795 2904,799 2904,799 2870,526 2822,83 2754,308 2754,308 2671,337 2642,99 2622,148 2622,148 2600,504 2596,303 2587,203 2587,203 2585,886 2617,035 2617,035 2662,11 2744,355 2820,696 2820,696 2721,177 2618,169 2545,189 2545,189 2527,3 2457,893 2385,829 2385,829 2346,426 2293,436 2247,14 2247,14 2212,358 2147,428 2042,059 2042,059 1958,58 1863,326 1831,583 1831,583 1857,433 1919,708 1919,708 2012,055 2121,459 2237,817 2237,817 2337,18 2433,086 2512,648 2512,648 2444,44 2389,164 2332,634 2332,634 2278,092
2674,028 2715,153 2711,642 2711,642 2730,426 2806,795 2904,799 2904,799 2870,526 2822,83 2754,308 2754,308 2671,337 2642,99 2622,148 2622,148 2600,504 2596,303 2587,203 2587,203 2585,886 2617,035 2617,035 2662,11 2744,355 2820,696 2820,696 2721,177 2618,169 2545,189 2545,189 2527,3 2457,893 2385,829 2385,829 2346,426 2293,436 2247,14 2247,14 2212,358 2147,428 2042,059 2042,059 1958,58 1863,326 1831,583 1831,583 1857,433 1919,708 1919,708 2012,055 2121,459 2237,817 2237,817 2337,18 2433,086 2512,648 2512,648 2444,44 2389,164 2332,634 2332,634 2278,092
2633,816 2657,784 2681 2681 2716,577 2811,969 2870,06 2870,06 2825,812 2786,82 2745,472 2745,472 2717,466 2710,301 2686,492 2686,492 2664,721 2640,286 2632,974 2632,974 2652,635 2695,402 2695,402 2764,254 2858,487 2856,247 2856,247 2726,518 2580,763 2494,121 2494,121 2447,712 2470,595 2409,412 2409,412 2341,806 2283,326 2212,545 2212,545 2137,778 2085,009 2003,156 2003,156 1917,431 1858,238 1863,559 1863,559 1889,316 1937,424 1937,424 2039,497 2166,586 2259,171 2259,171 2359,3 2467,413 2559,849 2559,849 2526,873 2474,176 2406,696 2406,696 2327,905
2607,295 2623,883 2653,592 2653,592 2709,323 2829,38 2852,61 2852,61 2799,306 2762,573 2728,872 2728,872 2715,697 2714,578 2711,978 2711,978 2685,336 2669,139 2679,584 2679,584 2757,95 2825,633 2825,633 2902,541 2914,782 2828,512 2828,512 2732,312 2608,1 2481,89 2481,89 2409,651 2407,927 2388,112 2388,112 2301,785 2244,703 2163,364 2163,364 2077,899 2010,206 1961,992 1961,992 1900,85 1884,268 1897,452 1897,452 1925,973 1978,659 1978,659 2070,039 2163,876 2261,04 2261,04 2363,513 2477,313 2586,777 2586,777 2632,521 2591,012 2494,413 2494,413 2436,356
2593,534 2603,081 2655,632 2655,632 2737,58 2844,288 2837,249 2837,249 2795,821 2761,822 2742,443 2742,443 2730,124 2733,798 2727,971 2727,971 2706,867 2698,969 2724,364 2724,364 2814,963 2877,281 2877,281 2887,917 2859,698 2801,533 2801,533 2730,55 2628,477 2497,594 2497,594 2394,839 2359,407 2319,489 2319,489 2234,376 2162,218 2102,945 2102,945 2022,232 1964,431 1920,383 1920,383 1898,34 1916,111 1938,283 1938,283 1970,42 2021,173 2021,173 2129,858 2229,631 2319,255 2319,255 2414,167 2526,37 2642,158 2642,158 2672,428 2620,09 2568,301 2568,301 2521,663
2593,534 2603,081 2655,632 2655,632 2737,58 2844,288 2837,249 2837,249 2795,821 2761,822 2742,443 2742,443 2730,124 2733,798 2727,971 2727,971 2706,867 2698,969 2724,364 2724,364 2814,963 2877,281 2877,281 2887,917 2859,698 2801,533 2801,533 2730,55 2628,477 2497,594 2497,594 2394,839 2359,407 2319,489 2319,489 2234,376 2162,218 2102,945 2102,945 2022,232 1964,431 1920,383 1920,383 1898,34 1916,111 1938,283 1938,283 1970,42 2021,173 2021,173 2129,858 2229,631 2319,255 2319,255 2414,167 2526,37 2642,158 2642,158 2672,428 2620,09 2568,301 2568,301 2521,663
2582,851 2611,995 2676,499 2676,499 2765,297 2871,548 2843,062 2843,062 2806,063 2777,246 2757,927 2757,927 2759,032 2765,268 2756,265 2756,265 2750,88 2776,531 2836,304 2836,304 2816,085 2777,742 2777,742 2755,063 2754,096 2741,101 2741,101 2749,318 2668,849 2532,55 2532,55 2424,248 2351,947 2282,779 2282,779 2189,845 2113,89 2043,07 2043,07 1977,398 1923,941 1917,37 1917,37 1918,306 1941,08 1980,671 1980,671 2020,507 2077,476 2077,476 2166,753 2296,509 2409,988 2409,988 2528,041 2625,287 2673,236 2673,236 2624,968 2548,398 2501,87 2501,87 2460,539
2578,133 2623,25 2701,613 2701,613 2815,811 2899,298 2863,23 2863,23 2838,371 2812,249 2800,654 2800,654 2824,747 2850,768 2847,823 2847,823 2865,738 2949,222 2936,226 2936,226 2808,817 2697,8 2697,8 2652,411 2648,077 2689,166 2689,166 2713,498 2691,976 2581,458 2581,458 2480,78 2355,8 2260,99 2260,99 2173,915 2077,229 2004,432 2004,432 1957,654 1945,403 1950,214 1950,214 1968,412 2005,13 2032,715 2032,715 2084,623 2171,85 2171,85 2255,689 2331,692 2439,115 2439,115 2558,683 2663,282 2633,537 2633,537 2563,524 2489,646 2422,168 2422,168 2380,888
2578,133 2623,25 2701,613 2701,613 2815,811 2899,298 2863,23 2863,23 2838,371 2812,249 2800,654 2800,654 2824,747 2850,768 2847,823 2847,823 2865,738 2949,222 2936,226 2936,226 2808,817 2697,8 2697,8 2652,411 2648,077 2689,166 2689,166 2713,498 2691,976 2581,458 2581,458 2480,78 2355,8 2260,99 2260,99 2173,915 2077,229 2004,432 2004,432 1957,654 1945,403 1950,214 1950,214 1968,412 2005,13 2032,715 2032,715 2084,623 2171,85 2171,85 2255,689 2331,692 2439,115 2439,115 2558,683 2663,282 2633,537 2633,537 2563,524 2489,646 2422,168 2422,168 2380,888
2590,351 2658,173 2756,283 2756,283 2873,398 2945,337 2900,359 2900,359 2879,622 2880,649 2893,81 2893,81 2922,286 2890,418 2904,712 2904,712 2975,626 2973,13 2898,547 2898,547 2794,614 2678,5 2678,5 2618,893 2584,13 2622,536 2622,536 2674,377 2673,977 2630,832 2630,832 2497,855 2358,543 2236,812 2236,812 2147,206 2063,359 1993,605 1993,605 1985,185 1980,323 1991,225 1991,225 2018,391 2061,849 2115,156 2115,156 2185,544 2239,737 2239,737 2335,608 2429,221 2522,82 2522,82 2624,446 2650,292 2580,5 2580,5 2510,196 2449,478 2391,174 2391,174 2312,258
2601,303 2686,626 2800,003 2800,003 2905,543 2993,784 2994,811 2994,811 2985,651 3006,633 3003,132 3003,132 2978,003 2924,152 2926,656 2926,656 2938,348 2897,782 2832,404 2832,404 2721,772 2666,09 2666,09 2658,55 2577,829 2571,92 2571,92 2624,64 2635,375 2605,717 2605,717 2492,03 2352,978 2225,716 2225,716 2135,586 2058,515 2018,421 2018,421 2025,358 2044,427 2067,958 2067,958 2075,12 2124,649 2235,26 2235,26 2343,54 2420,807 2420,807 2526,625 2577,489 2637,399 2637,399 2648,084 2612,598 2531,454 2531,454 2461,548 2401,416 2344,715 2344,715 2277,871
2648,908 2754,787 2866,697 2866,697 2902,25 2925,61 2994,155 2994,155 3029,758 3005,376 2978,287 2978,287 2954,856 2946,985 2934,771 2934,771 2876,232 2818,94 2778,615 2778,615 2716,925 2649,762 2649,762 2629,445 2566,207 2538,944 2538,944 2556,771 2561,736 2556,615 2556,615 2492,429 2361,381 2239,469 2239,469 2140,12 2067,446 2049,937 2049,937 2065,103 2089,381 2127,851 2127,851 2144,877 2185,253 2286,907 2286,907 2391,789 2501,927 2501,927 2604,646 2689,79 2651,57 2651,57 2573,536 2550,297 2526,054 2526,054 2423,528 2347,407 2280,648 2280,648 2211,096
2648,908 2754,787 2866,697 2866,697 2902,25 2925,61 2994,155 2994,155 3029,758 3005,376 2978,287 2978,287 2954,856 2946,985 2934,771 2934,771 2876,232 2818,94 2778,615 2778,615 2716,925 2649,762 2649,762 2629,445 2566,207 2538,944 2538,944 2556,771 2561,736 2556,615 2556,615 2492,429 2361,381 2239,469 2239,469 2140,12 2067,446 2049,937 2049,937 2065,103 2089,381 2127,851 2127,851 2144,877 2185,253 2286,907 2286,907 2391,789 2501,927 2501,927 2604,646 2689,79 2651,57 2651,57 2573,536 2550,297 2526,054 2526,054 2423,528 2347,407 2280,648 2280,648 2211,096
2716,597 2793,775 2816,467 2816,467 2792,243 2848,571 2962,397 2962,397 3030,863 3000,532 2955,243 2955,243 2921,659 2890,468 2869,466 2869,466 2829,086 2751,409 2703,004 2703,004 2675,394 2635,363 2635,363 2600,379 2553,584 2508,395 2508,395 2490,547 2488,475 2481,663 2481,663 2451,853 2350,912 2249,518 2249,518 2182,73 2102,09 2078,373 2078,373 2102,911 2136,582 2180,354 2180,354 2218,033 2260,832 2331,864 2331,864 2439,163 2546,66 2546,66 2653,951 2675,923 2598,48 2598,48 2532,583 2481,459 2482,672 2482,672 2410,979 2309,222 2246,446 2246,446 2176,077
2665,872 2741,295 2721,373 2721,373 2728,326 2802,816 2932,599 2932,599 3031,152 2956,107 2862,84 2862,84 2843,912 2798,362 2780,699 2780,699 2832,322 2790,231 2713,607 2713,607 2649,655 2605,358 2605,358 2561,164 2521,556 2480,606 2480,606 2451,657 2426,513 2421,005 2421,005 2382,478 2299,913 2242,426 2242,426 2182,161 2104,219 2103,116 2103,116 2144,607 2179,381 2236,265 2236,265 2292,116 2384,334 2450,134 2450,134 2514,14 2616,504 2616,504 2719,56 2685,838 2571,674 2571,674 2509,466 2457,324 2427,599 2427,599 2399,533 2319,582 2245,911 2245,911 2186,016
2626,279 2704,538 2666,968 2666,968 2681,596 2772,437 2892,135 2892,135 2985,1 2918,458 2792,278 2792,278 2740,209 2716,327 2699,543 2699,543 2728,941 2762,562 2765,607 2765,607 2690,404 2610,342 2610,342 2533,726 2495,105 2453,283 2453,283 2410,304 2378,353 2351,644 2351,644 2332,236 2265,882 2202,485 2202,485 2134,528 2120,885 2181,847 2181,847 2232,097 2273,024 2347,253 2347,253 2374,762 2483,815 2566,172 2566,172 2584,042 2684,418 2684,418 2743,748 2695,075 2628,627 2628,627 2537,617 2477,921 2424,605 2424,605 2394,742 2348,397 2297,422 2297,422 2231,86
2626,279 2704,538 2666,968 2666,968 2681,596 2772,437 2892,135 2892,135 2985,1 2918,458 2792,278 2792,278 2740,209 2716,327 2699,543 2699,543 2728,941 2762,562 2765,607 2765,607 2690,404 2610,342 2610,342 2533,726 2495,105 2453,283 2453,283 2410,304 2378,353 2351,644 2351,644 2332,236 2265,882 2202,485 2202,485 2134,528 2120,885 2181,847 2181,847 2232,097 2273,024 2347,253 2347,253 2374,762 2483,815 2566,172 2566,172 2584,042 2684,418 2684,418 2743,748 2695,075 2628,627 2628,627 2537,617 2477,921 2424,605 2424,605 2394,742 2348,397 2297,422 2297,422 2231,86
2594,466 2633,519 2604,237 2604,237 2643,984 2736,522 2848,065 2848,065 2942,852 2910,506 2768,622 2768,622 2683,46 2654,215 2630,192 2630,192 2639,574 2642,943 2682,918 2682,918 2698,26 2639,935 2639,935 2537,131 2468,303 2425,755 2425,755 2368,382 2329,772 2303,024 2303,024 2276,427 2225,393 2144,744 2144,744 2126,368 2177,365 2245,173 2245,173 2309,651 2396,111 2453,075 2453,075 2467,686 2528,02 2623,164 2623,164 2665,175 2729,026 2729,026 2707,56 2636,158 2593,376 2593,376 2552,111 2496,364 2444,686 2444,686 2414,159 2367,073 2302,966 2302,966 2232,219
2550,54 2556,124 2567,069 2567,069 2628,584 2714,349 2817,43 2817,43 2916,391 2876,454 2782,258 2782,258 2687,919 2642,932 2601,86 2601,86 2575,252 2565,47 2561,481 2561,481 2606,844 2589,665 2589,665 2564,779 2494,776 2420,685 2420,685 2347,247 2278,939 2235,659 2235,659 2202,484 2169,915 2144,123 2144,123 2189,918 2242,557 2303,194 2303,194 2379,945 2479,156 2546,492 2546,492 2585,202 2632,461 2692,103 2692,103 2754,446 2715,634 2715,634 2649,062 2597,943 2541,92 2541,92 2484,785 2441,695 2408,236 2408,236 2395,949 2347,752 2286,022 2286,022 2204,424
2486,957 2506,003 2539,859 2539,859 2617,838 2733,167 2818,631 2818,631 2887,721 2930,213 2824,477 2824,477 2736,665 2678,441 2623,685 2623,685 2566,351 2514,144 2498,483 2498,483 2534,917 2533,637 2533,637 2513,412 2484,66 2419,436 2419,436 2316,629 2243,398 2184,698 2184,698 2145,278 2136,289 2172,175 2172,175 2238,47 2304,242 2391,531 2391,531 2465,372 2558,663 2631,38 2631,38 2690,195 2737,393 2789,97 2789,97 2757,614 2680,61 2680,61 2625,028 2586,758 2532,679 2532,679 2461,813 2409,661 2375,904 2375,904 2338,751 2312,789 2254,907 2254,907 2185,22
2486,957 2506,003 2539,859 2539,859 2617,838 2733,167 2818,631 2818,631 2887,721 2930,213 2824,477 2824,477 2736,665 2678,441 2623,685 2623,685 2566,351 2514,144 2498,483 2498,483 2534,917 2533,637 2533,637 2513,412 2484,66 2419,436 2419,436 2316,629 2243,398 2184,698 2184,698 2145,278 2136,289 2172,175 2172,175 2238,47 2304,242 2391,531 2391,531 2465,372 2558,663 2631,38 2631,38 2690,195 2737,393 2789,97 2789,97 2757,614 2680,61 2680,61 2625,028 2586,758 2532,679 2532,679 2461,813 2409,661 2375,904 2375,904 2338,751 2312,789 2254,907 2254,907 2185,22
2438,324 2477,408 2523,451 2523,451 2610,236 2706,657 2778,4 2778,4 2855,559 2953,295 2904,418 2904,418 2833,073 2761,985 2661,249 2661,249 2588,299 2507,786 2475,575 2475,575 2490,214 2499,894 2499,894 2479,463 2445,396 2372,373 2372,373 2289,959 2230,848 2166,57 2166,57 2141,418 2147,675 2216,494 2216,494 2305,8 2393,438 2487,387 2487,387 2562,471 2657,25 2744,079 2744,079 2786,307 2834,925 2829,208 2829,208 2768,618 2692,117 2692,117 2630,886 2578,621 2522,04 2522,04 2458,574 2429,062 2370,653 2370,653 2299,133 2255,268 2212,553 2212,553 2163,236
2394,776 2442,14 2521,801 2521,801 2581,01 2658,552 2726,077 2726,077 2827,343 2910,42 2891,943 2891,943 2859,06 2815,783 2729,435 2729,435 2634,51 2553,02 2471,984 2471,984 2452,479 2458,189 2458,189 2456,568 2402,587 2345,307 2345,307 2291,633 2230,573 2171,724 2171,724 2156,849 2198,798 2293,7 2293,7 2370,099 2453,919 2537,365 2537,365 2626,562 2699,146 2751,814 2751,814 2808,569 2831,694 2823,676 2823,676 2758,904 2715,094 2715,094 2650,264 2587,647 2538,869 2538,869 2487,295 2421,28 2352,036 2352,036 2287,917 2231,837 2191,705 2191,705 2160,15
2392,839 2448,328 2505,251 2505,251 2544,116 2598,397 2675,693 2675,693 2784,686 2867,842 2845,237 2845,237 2814,152 2759,355 2730,426 2730,426 2682,992 2583,575 2472,83 2472,83 2438,027 2415,388 2415,388 2399,25 2370,666 2332,904 2332,904 2310,64 2252,825 2190,58 2190,58 2168,503 2205,944 2281,928 2281,928 2363,523 2448,659 2529,42 2529,42 2597,634 2646,475 2665,714 2665,714 2701,441 2744,585 2779,927 2779,927 2745,643 2729,443 2729,443 2663,878 2592,59 2538,793 2538,793 2496,036 2426,356 2339,25 2339,25 2284,096 2247,597 2201,343 2201,343 2156,328
2392,839 2448,328 2505,251 2505,251 2544,116 2598,397 2675,693 2675,693 2784,686 2867,842 2845,237 2845,237 2814,152 2759,355 2730,426 2730,426 2682,992 2583,575 2472,83 2472,83 2438,027 2415,388 2415,388 2399,25 2370,666 2332,904 2332,904 2310,64 2252,825 2190,58 2190,58 2168,503 2205,944 2281,928 2281,928 2363,523 2448,659 2529,42 2529,42 2597,634 2646,475 2665,714 2665,714 2701,441 2744,585 2779,927 2779,927 2745,643 2729,443 2729,443 2663,878 2592,59 2538,793 2538,793 2496,036 2426,356 2339,25 2339,25 2284,096 2247,597 2201,343 2201,343 2156,328
2401,667 2445,193 2489,521 2489,521 2526,521 2582,942 2665,504 2665,504 2749,353 2837,749 2875,953 2875,953 2810,723 2712,658 2648,847 2648,847 2621,087 2538,247 2486,079 2486,079 2473,743 2444,842 2444,842 2384,656 2359,003 2343,951 2343,951 2331,147 2285,823 2230,611 2230,611 2189,767 2190,567 2224,521 2224,521 2299,767 2379,398 2446,493 2446,493 2507,31 2555,17 2581,707 2581,707 2598,097 2651,922 2726,606 2726,606 2731,919 2686,792 2686,792 2637,013 2587,879 2520,407 2520,407 2462,905 2409,149 2340,114 2340,114 2292,151 2269,231 2214,183 2214,183 2152,557
