data/grid_wald 100p/dem_horlachtal_100.asc
ncols         204
nrows         172
xllcorner     40782,5
yllcorner     212402,5
cellsize      100
NODATA_value  -9999
[rows 112 to 139 of 172, columns 63 to 125 of 204]
1152,329 1152,329 1167,47 1256,742 1256,742 1407,338 1575,796 1668,446 1668,446 1752,918 1777,879 1873,406 1873,406 1959,751 2035,754 2098,345 2098,345 2156,066 2222 2292,442 2292,442 2355,461 2425,654 2498,085 2498,085 2573,193 2659,145 2696,174 2696,174 2640,943 2562,823 2562,823 2499,062 2490,152 2511,887 2511,887 2538,066 2596,039 2680,076 2680,076 2709,229 2766,46 2882,141 2882,141 2986,176 3058,873 3073,629 3073,629 3075,61 3086,077 3122,069 3122,069 3198,518 3200,816 3162,572 3162,572 3119,169 3058,824 3058,824 2977,602 2908,619 2850,21 2850,21
1152,525 1152,525 1159,123 1233,145 1233,145 1352,34 1526,536 1581,163 1581,163 1636,204 1730,434 1842,906 1842,906 1940,455 2015,848 2076,64 2076,64 2134,122 2188,698 2243,806 2243,806 2300,713 2375,312 2449,876 2449,876 2525,404 2593,594 2675,658 2675,658 2698,059 2631,038 2631,038 2566,229 2541,025 2543,299 2543,299 2535,56 2613,682 2666,611 2666,611 2711,135 2754,175 2890,247 2890,247 3016,894 3068,387 3094,998 3094,998 3104,225 3113,772 3143,738 3143,738 3223,241 3238,584 3192,037 3192,037 3140,862 3037,961 3037,961 2937,488 2873,829 2810,29 2810,29
1153,005 1153,005 1155,675 1218,408 1218,408 1307,417 1419,65 1483,322 1483,322 1596,017 1731,512 1864,827 1864,827 1944,008 2001,021 2053,719 2053,719 2107,85 2149,227 2201,708 2201,708 2273,017 2340,156 2404,454 2404,454 2474,277 2546,968 2636,873 2636,873 2725,763 2705,375 2705,375 2634,931 2572,847 2540,865 2540,865 2536,999 2578,474 2639,924 2639,924 2682,908 2768,904 2883,651 2883,651 3000,478 3059,219 3082,912 3082,912 3030,637 3006,479 3019,427 3019,427 3102,688 3206,38 3225,424 3225,424 3142,868 3025,29 3025,29 2939,339 2874,429 2801,308 2801,308
1153,447 1153,447 1157,354 1196,094 1196,094 1270,807 1356,125 1468,866 1468,866 1612,586 1722,818 1848,484 1848,484 1907,932 1953,755 2007,72 2007,72 2042,419 2085,756 2149,185 2149,185 2214,378 2279,824 2351,3 2351,3 2423,943 2509,693 2599,233 2599,233 2690,937 2764,037 2764,037 2698,424 2604,913 2545,071 2545,071 2534,307 2571,019 2642,124 2642,124 2697,497 2780,733 2883,801 2883,801 2973,774 2990,305 2928,675 2928,675 2874,584 2856,109 2886,429 2886,429 2963,471 3051,524 3151,961 3151,961 3184,015 3091,759 3091,759 2973,92 2854,734 2728,727 2728,727
1153,447 1153,447 1157,354 1196,094 1196,094 1270,807 1356,125 1468,866 1468,866 1612,586 1722,818 1848,484 1848,484 1907,932 1953,755 2007,72 2007,72 2042,419 2085,756 2149,185 2149,185 2214,378 2279,824 2351,3 2351,3 2423,943 2509,693 2599,233 2599,233 2690,937 2764,037 2764,037 2698,424 2604,913 2545,071 2545,071 2534,307 2571,019 2642,124 2642,124 2697,497 2780,733 2883,801 2883,801 2973,774 2990,305 2928,675 2928,675 2874,584 2856,109 2886,429 2886,429 2963,471 3051,524 3151,961 3151,961 3184,015 3091,759 3091,759 2973,92 2854,734 2728,727 2728,727
1153,982 1153,982 1155,825 1174,954 1174,954 1252,758 1328,754 1437,436 1437,436 1564,073 1690,224 1778,508 1778,508 1822,122 1863,562 1899,838 1899,838 1951,318 2005,193 2056,736 2056,736 2128,691 2209,199 2282,478 2282,478 2381,651 2477,768 2577,027 2577,027 2689,941 2813,6 2813,6 2777,562 2656,996 2595,038 2595,038 2570,404 2598,272 2664,052 2664,052 2765,937 2817,899 2877,123 2877,123 2920,192 2905,082 2812,437 2812,437 2746,832 2743,188 2766,341 2766,341 2826,181 2903,599 3022,572 3022,572 3084,871 3016,418 3016,418 2937,179 2834,81 2681,756 2681,756
1154,078 1154,078 1154,535 1161,048 1161,048 1227,306 1307,098 1392,685 1392,685 1497,721 1596,317 1651,382 1651,382 1695,781 1742,076 1801,164 1801,164 1867,66 1948,305 2040,099 2040,099 2126,58 2213,52 2300,927 2300,927 2412,216 2528,988 2635,993 2635,993 2744,626 2853,224 2853,224 2827,324 2715,117 2660,267 2660,267 2638,819 2640,903 2688,576 2688,576 2768,997 2843,383 2885,36 2885,36 2860,18 2792,029 2710,647 2710,647 2664,541 2663,471 2665,686 2665,686 2705,251 2780,467 2904,985 2904,985 3015,446 2941,927 2941,927 2857,416 2779,65 2679,799 2679,799
1154,078 1154,078 1154,535 1161,048 1161,048 1227,306 1307,098 1392,685 1392,685 1497,721 1596,317 1651,382 1651,382 1695,781 1742,076 1801,164 1801,164 1867,66 1948,305 2040,099 2040,099 2126,58 2213,52 2300,927 2300,927 2412,216 2528,988 2635,993 2635,993 2744,626 2853,224 2853,224 2827,324 2715,117 2660,267 2660,267 2638,819 2640,903 2688,576 2688,576 2768,997 2843,383 2885,36 2885,36 2860,18 2792,029 2710,647 2710,647 2664,541 2663,471 2665,686 2665,686 2705,251 2780,467 2904,985 2904,985 3015,446 2941,927 2941,927 2857,416 2779,65 2679,799 2679,799
1154,578 1154,578 1154,956 1161,067 1161,067 1214,18 1270,109 1357,307 1357,307 1453,948 1529,443 1619,183 1619,183 1712,094 1795,384 1862,829 1862,829 1961,07 2061,148 2152,467 2152,467 2207,61 2293,939 2362,989 2362,989 2442,586 2554,083 2683,758 2683,758 2793,312 2898,765 2898,765 2880,733 2791,408 2746,273 2746,273 2724,454 2737,221 2739,283 2739,283 2761,333 2788,102 2763,865 2763,865 2748,225 2734,876 2655,025 2655,025 2605,325 2599,185 2605,568 2605,568 2649,727 2744,931 2860,428 2860,428 2962,582 2937,486 2937,486 2826,721 2747,969 2689,373 2689,373
1155,02 1155,02 1156,096 1166,232 1166,232 1185,935 1222,582 1323,203 1323,203 1427,866 1521,947 1613,726 1613,726 1709,843 1807,676 1888,135 1888,135 1975,118 2079,696 2172,218 2172,218 2263,298 2353,434 2444,461 2444,461 2524,746 2599,169 2703,186 2703,186 2826,835 2907,693 2907,693 2905,302 2876,17 2848,58 2848,58 2831,427 2827,147 2762,521 2762,521 2709,942 2665,175 2645,881 2645,881 2644,664 2685,495 2620,53 2620,53 2579,506 2569,193 2565,403 2565,403 2603,339 2715,197 2832,047 2832,047 2874,057 2848,189 2848,189 2784,944 2778,016 2714,123 2714,123
1155,713 1155,713 1156,781 1162,495 1162,495 1172,261 1197,354 1298,559 1298,559 1405,392 1508,325 1598,074 1598,074 1693,402 1782,601 1866,188 1866,188 1955,584 2082,03 2176,697 2176,697 2272,765 2366,045 2467,293 2467,293 2572,823 2673,073 2771,932 2771,932 2833,652 2815,664 2815,664 2802,202 2794,412 2797,032 2797,032 2800,606 2789,532 2707,082 2707,082 2627,839 2575,47 2567,84 2567,84 2592,085 2618,854 2608,792 2608,792 2564,447 2555,318 2541,864 2541,864 2576,549 2712,53 2755,959 2755,959 2723,225 2728,866 2728,866 2716,314 2742,944 2787,282 2787,282
1155,713 1155,713 1156,781 1162,495 1162,495 1172,261 1197,354 1298,559 1298,559 1405,392 1508,325 1598,074 1598,074 1693,402 1782,601 1866,188 1866,188 1955,584 2082,03 2176,697 2176,697 2272,765 2366,045 2467,293 2467,293 2572,823 2673,073 2771,932 2771,932 2833,652 2815,664 2815,664 2802,202 2794,412 2797,032 2797,032 2800,606 2789,532 2707,082 2707,082 2627,839 2575,47 2567,84 2567,84 2592,085 2618,854 2608,792 2608,792 2564,447 2555,318 2541,864 2541,864 2576,549 2712,53 2755,959 2755,959 2723,225 2728,866 2728,866 2716,314 2742,944 2787,282 2787,282
1156,969 1156,969 1157,649 1158,413 1158,413 1161,723 1186,484 1266,601 1266,601 1382,61 1487,048 1583,449 1583,449 1686,105 1782,847 1865,501 1865,501 1989,869 2103,663 2189,683 2189,683 2286,365 2376,399 2471,549 2471,549 2576,934 2672,375 2743,357 2743,357 2734,913 2705,798 2705,798 2693,297 2679,287 2689,062 2689,062 2684,011 2682,253 2659,173 2659,173 2578,768 2523,911 2529,647 2529,647 2560,614 2576,123 2586,093 2586,093 2555,082 2546,371 2539,225 2539,225 2540,672 2639,777 2673,488 2673,488 2646,771 2657,904 2657,904 2680,363 2694,482 2812,114 2812,114
1157,641 1157,641 1158,58 1158,489 1158,489 1158,319 1169,491 1251,761 1251,761 1367,403 1469,596 1581,054 1581,054 1671,832 1771,854 1875,754 1875,754 1988,366 2100,071 2187,991 2187,991 2271,553 2364,844 2461,435 2461,435 2563,87 2657,088 2660,886 2660,886 2633,658 2601,877 2601,877 2585,058 2576,936 2582,431 2582,431 2579,191 2591,618 2601,435 2601,435 2530,03 2481,048 2477,876 2477,876 2498,269 2530,134 2515,522 2515,522 2523,014 2536,14 2530,986 2530,986 2521,622 2592,766 2624,968 2624,968 2594,7 2596,882 2596,882 2644,909 2669,358 2798,381 2798,381
1157,786 1157,786 1158,794 1158,839 1158,839 1158,703 1182,27 1248,578 1248,578 1346,661 1458,001 1570,447 1570,447 1680,052 1780,973 1869,135 1869,135 1964,031 2059,485 2145,427 2145,427 2232,807 2330,36 2441,354 2441,354 2539,366 2598,951 2567,934 2567,934 2530,582 2504,408 2504,408 2473,739 2472,058 2467,82 2467,82 2483,222 2509,798 2536,978 2536,978 2486,571 2428,318 2428,828 2428,828 2457,585 2477,023 2454,168 2454,168 2461,995 2485,698 2493,624 2493,624 2502,636 2576,824 2573,695 2573,695 2543,898 2547,315 2547,315 2603,673 2670,35 2766,596 2766,596
1157,786 1157,786 1158,794 1158,839 1158,839 1158,703 1182,27 1248,578 1248,578 1346,661 1458,001 1570,447 1570,447 1680,052 1780,973 1869,135 1869,135 1964,031 2059,485 2145,427 2145,427 2232,807 2330,36 2441,354 2441,354 2539,366 2598,951 2567,934 2567,934 2530,582 2504,408 2504,408 2473,739 2472,058 2467,82 2467,82 2483,222 2509,798 2536,978 2536,978 2486,571 2428,318 2428,828 2428,828 2457,585 2477,023 2454,168 2454,168 2461,995 2485,698 2493,624 2493,624 2502,636 2576,824 2573,695 2573,695 2543,898 2547,315 2547,315 2603,673 2670,35 2766,596 2766,596
1158,173 1158,173 1159,147 1159,181 1159,181 1159,36 1184,974 1259,171 1259,171 1332,956 1438,274 1529,323 1529,323 1659,161 1772,308 1857,27 1857,27 1945,346 2035,727 2111,476 2111,476 2194,499 2290,33 2400,045 2400,045 2489,592 2506,028 2482,242 2482,242 2434,057 2405,596 2405,596 2372,159 2364,463 2369,617 2369,617 2408,467 2423,502 2448,298 2448,298 2421,726 2379,39 2371,677 2371,677 2417,883 2424,818 2389,444 2389,444 2399,087 2420,326 2446,934 2446,934 2470,666 2563,67 2543,293 2543,293 2519,128 2517,289 2517,289 2572,178 2654,627 2702,141 2702,141
1159,007 1159,007 1159,377 1159,631 1159,631 1159,839 1179,006 1270,405 1270,405 1342,758 1440,457 1495,797 1495,797 1610,788 1744,893 1844,351 1844,351 1927,454 2007,04 2077,978 2077,978 2158,978 2256,375 2365,768 2365,768 2418,827 2399,149 2382,031 2382,031 2348,025 2300,994 2300,994 2270,182 2261,428 2280,785 2280,785 2335,361 2339,536 2365,196 2365,196 2357,869 2330,509 2339,993 2339,993 2393,167 2394,686 2344,686 2344,686 2339,464 2358,188 2392,771 2392,771 2454,416 2544,013 2500,357 2500,357 2481,315 2484,366 2484,366 2527,976 2626,422 2635,894 2635,894
1159 1159 1159,509 1159,696 1159,696 1159,979 1166,647 1261,855 1261,855 1342,111 1419,093 1462,967 1462,967 1565,834 1709,567 1812,365 1812,365 1916,781 1984,904 2048,29 2048,29 2130,801 2231,812 2318,625 2318,625 2330,992 2307,752 2286,694 2286,694 2251,534 2201,263 2201,263 2156,94 2167,771 2206,775 2206,775 2251,61 2250,155 2278,762 2278,762 2290,983 2285,061 2308,881 2308,881 2359,777 2350,005 2304,053 2304,053 2293,063 2319,465 2350,319 2350,319 2424,712 2512,723 2454,884 2454,884 2435,142 2447,507 2447,507 2495,257 2547,623 2538,116 2538,116
1159 1159 1159,509 1159,696 1159,696 1159,979 1166,647 1261,855 1261,855 1342,111 1419,093 1462,967 1462,967 1565,834 1709,567 1812,365 1812,365 1916,781 1984,904 2048,29 2048,29 2130,801 2231,812 2318,625 2318,625 2330,992 2307,752 2286,694 2286,694 2251,534 2201,263 2201,263 2156,94 2167,771 2206,775 2206,775 2251,61 2250,155 2278,762 2278,762 2290,983 2285,061 2308,881 2308,881 2359,777 2350,005 2304,053 2304,053 2293,063 2319,465 2350,319 2350,319 2424,712 2512,723 2454,884 2454,884 2435,142 2447,507 2447,507 2495,257 2547,623 2538,116 2538,116
1159,325 1159,325 1160,078 1160,038 1160,038 1160,135 1160,62 1204,735 1204,735 1308,617 1382,256 1451,618 1451,618 1533,558 1667,25 1788,059 1788,059 1902,635 1971,52 2029,279 2029,279 2112,619 2190,276 2252,419 2252,419 2241,944 2203,912 2199,372 2199,372 2135,605 2107,647 2107,647 2066,347 2080,86 2156,886 2156,886 2159,82 2165,064 2192,467 2192,467 2210,117 2203,275 2238,25 2238,25 2287,752 2275,833 2217,54 2217,54 2213,624 2275,194 2310,81 2310,81 2404,181 2470,562 2410,836 2410,836 2395,067 2402,81 2402,81 2449,062 2471,161 2424,127 2424,127
1159,823 1159,823 1160,485 1160,427 1160,427 1160,546 1160,852 1175,815 1175,815 1280,142 1354,632 1447,76 1447,76 1521,007 1617,126 1753,537 1753,537 1852,973 1930,463 2017,921 2017,921 2101,181 2173,85 2191,996 2191,996 2160,81 2096,392 2098,666 2098,666 2043,016 2011,492 2011,492 1993,787 1999,862 2052,063 2052,063 2060,194 2064,501 2103,437 2103,437 2111,461 2112,429 2162,414 2162,414 2211,547 2175,505 2125,91 2125,91 2149,365 2231,651 2272,143 2272,143 2352,137 2391,475 2355,949 2355,949 2347,033 2353,408 2353,408 2403,361 2401,033 2332,186 2332,186
1160,68 1160,68 1160,77 1160,939 1160,939 1161,089 1161,542 1165,981 1165,981 1220,653 1317,383 1422,729 1422,729 1501,612 1552,76 1666,154 1666,154 1779,035 1856,489 1950,91 1950,91 2041,347 2101,569 2102,555 2102,555 2064,21 2013,467 1986,678 1986,678 1971,226 1918,55 1918,55 1904,677 1906,582 1953,723 1953,723 1955,792 1961,778 2009,899 2009,899 2014,797 2033,424 2102,337 2102,337 2125,897 2081,388 2038,563 2038,563 2084,417 2166,219 2210,151 2210,151 2274,024 2295,108 2287,671 2287,671 2289,443 2317,928 2317,928 2349,275 2316,348 2235,613 2235,613
1160,68 1160,68 1160,77 1160,939 1160,939 1161,089 1161,542 1165,981 1165,981 1220,653 1317,383 1422,729 1422,729 1501,612 1552,76 1666,154 1666,154 1779,035 1856,489 1950,91 1950,91 2041,347 2101,569 2102,555 2102,555 2064,21 2013,467 1986,678 1986,678 1971,226 1918,55 1918,55 1904,677 1906,582 1953,723 1953,723 1955,792 1961,778 2009,899 2009,899 2014,797 2033,424 2102,337 2102,337 2125,897 2081,388 2038,563 2038,563 2084,417 2166,219 2210,151 2210,151 2274,024 2295,108 2287,671 2287,671 2289,443 2317,928 2317,928 2349,275 2316,348 2235,613 2235,613
1161,365 1161,365 1161,342 1161,719 1161,719 1161,726 1162,272 1162,727 1162,727 1165,374 1207,467 1324,57 1324,57 1439,619 1508,437 1580,181 1580,181 1703,555 1784,73 1848,228 1848,228 1908,795 1956,147 1974,047 1974,047 1959,705 1934,97 1876,674 1876,674 1884,335 1836,934 1836,934 1818,607 1813,747 1865,153 1865,153 1864,233 1880,505 1925,948 1925,948 1919,313 1965,058 2014,05 2014,05 2024,834 1993,859 1959,45 1959,45 2036,05 2074,165 2134,74 2134,74 2174,29 2194,009 2184,401 2184,401 2205,994 2267,48 2267,48 2268,445 2218,246 2153,157 2153,157
1161,885 1161,885 1162,129 1162,403 1162,403 1162,263 1162,515 1163,232 1163,232 1164,062 1165,46 1204,794 1204,794 1340,579 1449,94 1521,677 1521,677 1601,248 1682,595 1744,925 1744,925 1813,716 1851,679 1851,957 1851,957 1842,933 1816,781 1784,393 1784,393 1781,868 1757,327 1757,327 1737,476 1733,913 1794,039 1794,039 1791,604 1799,366 1845,045 1845,045 1838,481 1884,276 1915,328 1915,328 1925,728 1902,378 1906,05 1906,05 1980,096 2000,549 2061,475 2061,475 2072,714 2093,463 2083,23 2083,23 2123,511 2164,751 2164,751 2164,373 2130,624 2092,039 2092,039
1162,503 1162,503 1163,003 1163,408 1163,408 1163,017 1163,073 1163,988 1163,988 1164,844 1166,436 1169,342 1169,342 1218,542 1346,735 1442,785 1442,785 1511,45 1579,512 1650,594 1650,594 1707,864 1739,272 1759,557 1759,557 1737,998 1704,425 1673,308 1673,308 1659,185 1655,335 1655,335 1641,96 1673,104 1730,812 1730,812 1719,616 1743,506 1777,099 1777,099 1764,035 1795,297 1822,849 1822,849 1835,155 1812,632 1860,661 1860,661 1891,857 1925,197 1964,197 1964,197 1981,189 1992,538 1987,614 1987,614 2034,94 2056,783 2056,783 2060,611 2059,174 2046,811 2046,811
1162,503 1162,503 1163,003 1163,408 1163,408 1163,017 1163,073 1163,988 1163,988 1164,844 1166,436 1169,342 1169,342 1218,542 1346,735 1442,785 1442,785 1511,45 1579,512 1650,594 1650,594 1707,864 1739,272 1759,557 1759,557 1737,998 1704,425 1673,308 1673,308 1659,185 1655,335 1655,335 1641,96 1673,104 1730,812 1730,812 1719,616 1743,506 1777,099 1777,099 1764,035 1795,297 1822,849 1822,849 1835,155 1812,632 1860,661 1860,661 1891,857 1925,197 1964,197 1964,197 1981,189 1992,538 1987,614 1987,614 2034,94 2056,783 2056,783 2060,611 2059,174 2046,811 2046,811
