data/grid_wald 100p/dem_horlachtal_100.asc
ncols         204
nrows         172
xllcorner     40782,5
yllcorner     212402,5
cellsize      100
NODATA_value  -9999
[rows 56 to 83 of 172, columns 63 to 125 of 204]
2113,203 2113,203 2176,236 2225,43 2225,43 2208,443 2187,942 2235,279 2235,279 2299,517 2397,34 2508,71 2508,71 2597,911 2661,508 2569,181 2569,181 2500,786 2527,089 2575,103 2575,103 2593,366 2614,037 2627,364 2627,364 2611,583 2616,27 2605,619 2605,619 2608,189 2544,85 2544,85 2468,656 2379,343 2275,964 2275,964 2135,433 2022,397 1951,88 1951,88 1896,027 1885,883 1950,679 1950,679 2040,921 2170,403 2291,625 2291,625 2326,874 2316,299 2292,341 2292,341 2271,686 2232,375 2168,098 2168,098 2112,466 2109,726 2109,726 2166,68 2240,417 2309,175 2309,175
2009,979 2009,979 2054,673 2081,615 2081,615 2100,23 2116,988 2202,152 2202,152 2318,761 2424,166 2510,592 2510,592 2581,335 2622,774 2538,86 2538,86 2475,95 2463,345 2479,041 2479,041 2502,686 2516,701 2529,478 2529,478 2505,233 2507,67 2506,385 2506,385 2515,613 2467,347 2467,347 2387,502 2286,197 2203,408 2203,408 2105,099 1995,561 1913,19 1913,19 1861,879 1886,979 1956,074 1956,074 2054,991 2181,018 2299,151 2299,151 2392,619 2393,13 2345,282 2345,282 2310,172 2282,568 2233,157 2233,157 2175,705 2133,688 2133,688 2133,673 2196,046 2271,498 2271,498
2009,979 2009,979 2054,673 2081,615 2081,615 2100,23 2116,988 2202,152 2202,152 2318,761 2424,166 2510,592 2510,592 2581,335 2622,774 2538,86 2538,86 2475,95 2463,345 2479,041 2479,041 2502,686 2516,701 2529,478 2529,478 2505,233 2507,67 2506,385 2506,385 2515,613 2467,347 2467,347 2387,502 2286,197 2203,408 2203,408 2105,099 1995,561 1913,19 1913,19 1861,879 1886,979 1956,074 1956,074 2054,991 2181,018 2299,151 2299,151 2392,619 2393,13 2345,282 2345,282 2310,172 2282,568 2233,157 2233,157 2175,705 2133,688 2133,688 2133,673 2196,046 2271,498 2271,498
1912,114 1912,114 1933,991 1940,583 1940,583 1993,36 2102,412 2193,741 2193,741 2282,194 2374,144 2452,05 2452,05 2527,27 2567,562 2509,367 2509,367 2442,786 2413,046 2390,136 2390,136 2396,308 2413,094 2446,659 2446,659 2434,822 2419,556 2416,991 2416,991 2418,6 2387,91 2387,91 2315,362 2244,682 2154,618 2154,618 2082,523 1987,409 1898,454 1898,454 1859,18 1898,193 1972,703 1972,703 2069,651 2205,261 2361,166 2361,166 2468,785 2466,395 2428,151 2428,151 2375,406 2324,781 2282,534 2282,534 2237,072 2174,693 2174,693 2124,338 2157,924 2210,572 2210,572
1816,956 1816,956 1820,67 1858,619 1858,619 1950,065 2030,086 2120,423 2120,423 2219,13 2302,331 2392,834 2392,834 2453,79 2508,996 2521,2 2521,2 2436,428 2382,904 2346,829 2346,829 2322,075 2321,057 2354,931 2354,931 2364,036 2327,378 2322,87 2322,87 2309,566 2284,248 2284,248 2234,552 2169,387 2094,719 2094,719 2006,896 1926,703 1855,91 1855,91 1864,443 1921,054 1993,71 1993,71 2084,617 2205,562 2343,414 2343,414 2484,318 2551,057 2491,094 2491,094 2433,705 2382,302 2324,331 2324,331 2289,948 2227,296 2227,296 2143,055 2127,546 2163,638 2163,638
1700,893 1700,893 1735,009 1819,467 1819,467 1883,097 1969,755 2056,193 2056,193 2140,636 2239,78 2324,064 2324,064 2390,948 2483,703 2523,801 2523,801 2476,535 2420,902 2332,596 2332,596 2276,433 2254,526 2274,939 2274,939 2279,903 2242,404 2222,293 2222,293 2199,544 2163,6 2163,6 2116,439 2073,794 2015,121 2015,121 1927,311 1862,699 1835,593 1835,593 1876,09 1940,81 2022,956 2022,956 2118,15 2224,91 2361,576 2361,576 2498,742 2606,416 2565,539 2565,539 2476,48 2407,483 2365,772 2365,772 2331,771 2289,242 2289,242 2196,586 2141,257 2140,491 2140,491
1700,893 1700,893 1735,009 1819,467 1819,467 1883,097 1969,755 2056,193 2056,193 2140,636 2239,78 2324,064 2324,064 2390,948 2483,703 2523,801 2523,801 2476,535 2420,902 2332,596 2332,596 2276,433 2254,526 2274,939 2274,939 2279,903 2242,404 2222,293 2222,293 2199,544 2163,6 2163,6 2116,439 2073,794 2015,121 2015,121 1927,311 1862,699 1835,593 1835,593 1876,09 1940,81 2022,956 2022,956 2118,15 2224,91 2361,576 2361,576 2498,742 2606,416 2565,539 2565,539 2476,48 2407,483 2365,772 2365,772 2331,771 2289,242 2289,242 2196,586 2141,257 2140,491 2140,491
1697,926 1697,926 1783,504 1857,664 1857,664 1958,443 2043,082 2097,779 2097,779 2167,791 2235,791 2309,13 2309,13 2383,928 2454,568 2443,845 2443,845 2410,25 2369,984 2303,471 2303,471 2240,615 2204,658 2204,172 2204,172 2186,515 2154,585 2128,266 2128,266 2090,08 2052,9 2052,9 2010,641 1974,084 1923,127 1923,127 1858,357 1811,802 1837,55 1837,55 1894,706 1973,383 2057,504 2057,504 2177,555 2296,069 2396,667 2396,667 2511,881 2612,166 2613,033 2613,033 2495,211 2446,044 2428,453 2428,453 2403,202 2328,22 2328,22 2241,157 2182,33 2152,373 2152,373
1779,517 1779,517 1871,9 1946,803 1946,803 2016,538 2134,314 2224,596 2224,596 2262,07 2333,199 2365,084 2365,084 2388,391 2399,996 2363,223 2363,223 2313,229 2280,896 2239,401 2239,401 2185,625 2148,787 2133,623 2133,623 2106,016 2068,36 2026,122 2026,122 1985,112 1948,677 1948,677 1915,432 1878,72 1832,062 1832,062 1799,123 1796,927 1848,592 1848,592 1921,98 2029,725 2157,642 2157,642 2212,314 2299,435 2390,763 2390,763 2484,32 2579,834 2617,226 2617,226 2547,483 2517,131 2516,759 2516,759 2488,161 2392,862 2392,862 2299,764 2235,647 2186,754 2186,754
1779,517 1779,517 1871,9 1946,803 1946,803 2016,538 2134,314 2224,596 2224,596 2262,07 2333,199 2365,084 2365,084 2388,391 2399,996 2363,223 2363,223 2313,229 2280,896 2239,401 2239,401 2185,625 2148,787 2133,623 2133,623 2106,016 2068,36 2026,122 2026,122 1985,112 1948,677 1948,677 1915,432 1878,72 1832,062 1832,062 1799,123 1796,927 1848,592 1848,592 1921,98 2029,725 2157,642 2157,642 2212,314 2299,435 2390,763 2390,763 2484,32 2579,834 2617,226 2617,226 2547,483 2517,131 2516,759 2516,759 2488,161 2392,862 2392,862 2299,764 2235,647 2186,754 2186,754
1865,186 1865,186 1941,364 2035,023 2035,023 2095,514 2173,209 2284,419 2284,419 2333,372 2365,119 2356,745 2356,745 2339,107 2322,029 2280,484 2280,484 2241,194 2193,529 2164,836 2164,836 2122,881 2074,72 2064,786 2064,786 2036,17 1993,824 1944,589 1944,589 1901,333 1866,491 1866,491 1842,988 1810,552 1780,609 1780,609 1779,273 1813,926 1876,276 1876,276 1950,21 2037,276 2146,046 2146,046 2232,609 2309,435 2406,181 2406,181 2512,249 2620,039 2685,71 2685,71 2639,134 2601,589 2602,067 2602,067 2549,475 2449,443 2449,443 2363,493 2296,26 2232,189 2232,189
1961,16 1961,16 2017,816 2096,842 2096,842 2178,827 2243,117 2314,476 2314,476 2362,395 2341,389 2306,428 2306,428 2274,785 2253 2213,51 2213,51 2163,826 2120,421 2091,498 2091,498 2055,273 1995,032 1976,609 1976,609 1948,037 1900,923 1854,98 1854,98 1824,354 1793,44 1793,44 1775,505 1769,458 1779,669 1779,669 1816,813 1874,882 1927,175 1927,175 1965,914 2016,472 2090,347 2090,347 2177,225 2291,996 2403,45 2403,45 2500,363 2603,113 2701,021 2701,021 2731,191 2695,483 2657,807 2657,807 2569,209 2452,307 2452,307 2401,097 2356,296 2290,234 2290,234
2037,644 2037,644 2098,406 2166,623 2166,623 2245,258 2318,858 2343,091 2343,091 2324,713 2294,433 2249,126 2249,126 2203,324 2178,814 2140,906 2140,906 2093,45 2046,83 1996,374 1996,374 1959,551 1924,463 1883,861 1883,861 1847,123 1811,273 1780,916 1780,916 1760,524 1748,866 1748,866 1766,59 1806,012 1849,124 1849,124 1901,367 1937,614 1960,85 1960,85 1978,663 2013,794 2070,855 2070,855 2137,467 2234,199 2343,798 2343,798 2461,607 2572,246 2668,015 2668,015 2767,497 2808,71 2671,719 2671,719 2543,434 2470,059 2470,059 2435,495 2404,624 2352,765 2352,765
2037,644 2037,644 2098,406 2166,623 2166,623 2245,258 2318,858 2343,091 2343,091 2324,713 2294,433 2249,126 2249,126 2203,324 2178,814 2140,906 2140,906 2093,45 2046,83 1996,374 1996,374 1959,551 1924,463 1883,861 1883,861 1847,123 1811,273 1780,916 1780,916 1760,524 1748,866 1748,866 1766,59 1806,012 1849,124 1849,124 1901,367 1937,614 1960,85 1960,85 1978,663 2013,794 2070,855 2070,855 2137,467 2234,199 2343,798 2343,798 2461,607 2572,246 2668,015 2668,015 2767,497 2808,71 2671,719 2671,719 2543,434 2470,059 2470,059 2435,495 2404,624 2352,765 2352,765
2047,919 2047,919 2147,267 2233,573 2233,573 2306,972 2328,591 2286,121 2286,121 2236,582 2212,566 2179,841 2179,841 2133,749 2097,737 2066,544 2066,544 2022,603 1973,594 1905,976 1905,976 1863,286 1838,96 1820,4 1820,4 1790,192 1744,674 1726,557 1726,557 1742,68 1774,868 1774,868 1817,075 1870,88 1930,182 1930,182 1975,351 1998,984 2018,485 2018,485 2024,453 2025,956 2054,028 2054,028 2101,745 2192,087 2339,78 2339,78 2452,043 2549,342 2650,135 2650,135 2755,632 2842,225 2750,588 2750,588 2603,152 2525,681 2525,681 2517,545 2463,107 2386,255 2386,255
2045,381 2045,381 2162,949 2271,368 2271,368 2312,479 2269,654 2205,657 2205,657 2156,752 2124,395 2097,93 2097,93 2066,106 2016,793 1981,207 1981,207 1939,447 1880,164 1824,761 1824,761 1791,383 1769,515 1759,633 1759,633 1746,528 1712,927 1750,98 1750,98 1786,766 1832,768 1832,768 1874,363 1931,786 2003,088 2003,088 2061,223 2086,682 2101,221 2101,221 2095,826 2070,829 2057,052 2057,052 2086,888 2160,436 2288,988 2288,988 2426,639 2536,561 2632,341 2632,341 2739,395 2830,135 2820,34 2820,34 2705,705 2651,851 2651,851 2576,759 2457,752 2404,182 2404,182
2050,895 2050,895 2168,075 2277,752 2277,752 2270,565 2206,119 2138,101 2138,101 2074,238 2040,066 2010,572 2010,572 1977,799 1929,261 1885,628 1885,628 1833,85 1786,439 1738,74 1738,74 1714,243 1701,603 1686,191 1686,191 1690,757 1718,714 1768,246 1768,246 1828,055 1894,576 1894,576 1953,858 2009,148 2081,707 2081,707 2144,053 2166,648 2162,798 2162,798 2139,292 2111,271 2076,595 2076,595 2079,409 2135,373 2249,628 2249,628 2382,929 2498,271 2603,313 2603,313 2683,197 2757,383 2840,604 2840,604 2807,208 2692,518 2692,518 2547,594 2467,096 2433,84 2433,84
2050,895 2050,895 2168,075 2277,752 2277,752 2270,565 2206,119 2138,101 2138,101 2074,238 2040,066 2010,572 2010,572 1977,799 1929,261 1885,628 1885,628 1833,85 1786,439 1738,74 1738,74 1714,243 1701,603 1686,191 1686,191 1690,757 1718,714 1768,246 1768,246 1828,055 1894,576 1894,576 1953,858 2009,148 2081,707 2081,707 2144,053 2166,648 2162,798 2162,798 2139,292 2111,271 2076,595 2076,595 2079,409 2135,373 2249,628 2249,628 2382,929 2498,271 2603,313 2603,313 2683,197 2757,383 2840,604 2840,604 2807,208 2692,518 2692,518 2547,594 2467,096 2433,84 2433,84
2054,345 2054,345 2160,35 2252,079 2252,079 2228,507 2144,323 2062,591 2062,591 1993,754 1945,422 1909,551 1909,551 1878,631 1842,149 1789,285 1789,285 1747,935 1710,967 1668,574 1668,574 1643,328 1650,566 1677,34 1677,34 1714,286 1745,232 1802,953 1802,953 1876,085 1944,995 1944,995 2027,507 2096,243 2179,376 2179,376 2219,644 2224,894 2220,889 2220,889 2176,804 2143,821 2104,875 2104,875 2090,769 2130,01 2218,83 2218,83 2331,972 2454,065 2542,73 2542,73 2620,742 2719,623 2823,147 2823,147 2796,747 2673,401 2673,401 2563,428 2509,383 2476,354 2476,354
2042,78 2042,78 2099,574 2181,197 2181,197 2193,881 2121,879 2031,504 2031,504 1928,05 1853,776 1828,182 1828,182 1798,528 1763,372 1719,632 1719,632 1683,171 1640,349 1619,452 1619,452 1661,449 1700,14 1720,625 1720,625 1741,393 1781,793 1839,585 1839,585 1922,58 2014,285 2014,285 2111,925 2179,046 2262,654 2262,654 2278,057 2251,078 2272,19 2272,19 2240,981 2174,604 2137,176 2137,176 2117,87 2146,416 2208,239 2208,239 2286,445 2397,094 2511,571 2511,571 2616,429 2718,052 2827,647 2827,647 2867,609 2749,709 2749,709 2623,564 2576,852 2556,914 2556,914
2000,422 2000,422 2032,457 2087,893 2087,893 2122,418 2082,173 2012,668 2012,668 1928,094 1813,501 1751,757 1751,757 1740,274 1701,363 1658,82 1658,82 1620,488 1603,806 1636,145 1636,145 1689,926 1740,63 1776,676 1776,676 1809,699 1836,961 1896,263 1896,263 1987,163 2092,839 2092,839 2201,613 2276,695 2354,632 2354,632 2322,305 2275,902 2327,923 2327,923 2314,798 2222,696 2171,714 2171,714 2143,672 2148,636 2205,541 2205,541 2272,095 2364,239 2473,48 2473,48 2579,843 2680,898 2786,943 2786,943 2893,024 2827,385 2827,385 2702,005 2669,09 2633,464 2633,464
2000,422 2000,422 2032,457 2087,893 2087,893 2122,418 2082,173 2012,668 2012,668 1928,094 1813,501 1751,757 1751,757 1740,274 1701,363 1658,82 1658,82 1620,488 1603,806 1636,145 1636,145 1689,926 1740,63 1776,676 1776,676 1809,699 1836,961 1896,263 1896,263 1987,163 2092,839 2092,839 2201,613 2276,695 2354,632 2354,632 2322,305 2275,902 2327,923 2327,923 2314,798 2222,696 2171,714 2171,714 2143,672 2148,636 2205,541 2205,541 2272,095 2364,239 2473,48 2473,48 2579,843 2680,898 2786,943 2786,943 2893,024 2827,385 2827,385 2702,005 2669,09 2633,464 2633,464
1930,29 1930,29 1979,922 2011,007 2011,007 2044,857 2008,193 1947,386 1947,386 1875,734 1780,189 1695,739 1695,739 1681,328 1645,001 1599,406 1599,406 1589,697 1623,764 1668,073 1668,073 1718,81 1785,547 1845,969 1845,969 1889,949 1885,923 1909,407 1909,407 1997,503 2134,337 2134,337 2262,527 2364,5 2431,466 2431,466 2360,578 2329,725 2389,471 2389,471 2390,588 2288,725 2227,129 2227,129 2190,122 2174,663 2192,25 2192,25 2246,532 2320,682 2449,937 2449,937 2566,123 2697,186 2810,433 2810,433 2918,415 2901,727 2901,727 2788,293 2731,368 2607,141 2607,141
1828,984 1828,984 1918,144 1956,271 1956,271 1967,379 1914,987 1855,702 1855,702 1773,458 1685,123 1650,487 1650,487 1616,956 1588,347 1576,197 1576,197 1616,659 1654,079 1704,785 1704,785 1766,607 1840,184 1934,388 1934,388 1974,048 1941,094 1915,772 1915,772 1967,404 2088,828 2088,828 2221,609 2346,151 2459,426 2459,426 2446,979 2410,81 2458,6 2458,6 2488,021 2368,049 2280,485 2280,485 2242,347 2203,941 2196,282 2196,282 2234,887 2302,216 2416,816 2416,816 2546,982 2663,167 2780,027 2780,027 2900,428 2955,982 2955,982 2849,031 2714,939 2642,989 2642,989
1718,192 1718,192 1827,004 1893,006 1893,006 1889,357 1833,766 1747,347 1747,347 1659,164 1603,615 1582,398 1582,398 1568,301 1567,225 1607,02 1607,02 1653,896 1689,102 1747,113 1747,113 1827,649 1913,703 2005,153 2005,153 2028,395 1989,876 1937,66 1937,66 1950,448 2036,736 2036,736 2179,259 2299,072 2436,053 2436,053 2520,799 2513,969 2540,485 2540,485 2593,015 2471,604 2334,804 2334,804 2283,002 2237,153 2217,234 2217,234 2237,926 2293,812 2390,329 2390,329 2528,883 2652,582 2774,994 2774,994 2891,049 2989,252 2989,252 2921,045 2783,373 2716,459 2716,459
1718,192 1718,192 1827,004 1893,006 1893,006 1889,357 1833,766 1747,347 1747,347 1659,164 1603,615 1582,398 1582,398 1568,301 1567,225 1607,02 1607,02 1653,896 1689,102 1747,113 1747,113 1827,649 1913,703 2005,153 2005,153 2028,395 1989,876 1937,66 1937,66 1950,448 2036,736 2036,736 2179,259 2299,072 2436,053 2436,053 2520,799 2513,969 2540,485 2540,485 2593,015 2471,604 2334,804 2334,804 2283,002 2237,153 2217,234 2217,234 2237,926 2293,812 2390,329 2390,329 2528,883 2652,582 2774,994 2774,994 2891,049 2989,252 2989,252 2921,045 2783,373 2716,459 2716,459
1646,369 1646,369 1750,723 1805,964 1805,964 1807,05 1744,003 1652,337 1652,337 1580,204 1554,408 1551,456 1551,456 1562,755 1601,275 1643,821 1643,821 1692,411 1743,296 1813,564 1813,564 1912,145 2003,313 2080,578 2080,578 2075,038 2030,161 1971,314 1971,314 1947,751 2008,765 2008,765 2132,925 2262,306 2397,788 2397,788 2514,532 2606,082 2641,81 2641,81 2657,596 2535,701 2399,431 2399,431 2329,84 2262,298 2236,956 2236,956 2257,746 2301,32 2373,335 2373,335 2498,364 2648,272 2773,681 2773,681 2851,687 2926,303 2926,303 2988,7 2897,162 2830,414 2830,414
1587,779 1587,779 1637,499 1677,619 1677,619 1684,355 1635,11 1570,633 1570,633 1540,366 1539,335 1544,538 1544,538 1558,672 1573,88 1610,451 1610,451 1670,244 1766,937 1875,184 1875,184 1982,904 2076,876 2150,186 2150,186 2153,936 2087,739 2009,987 2009,987 1958,37 1992,632 1992,632 2090,442 2218,477 2355,917 2355,917 2465,187 2566,193 2670,775 2670,775 2696,862 2563,601 2457,616 2457,616 2370,776 2302,737 2276,95 2276,95 2280,959 2323,707 2383,069 2383,069 2455,387 2571,818 2660,294 2660,294 2754,304 2850,259 2850,259 2968,096 2992,144 2901,165 2901,165
