data/grid_wald 00p/svf_horlachtal_100.asc
ncols        204
nrows        172
xllcorner    40782.500000000000
yllcorner    212402.500000000000
cellsize     100.000000000000
[rows 68 to 84 of 172, columns 0 to 38 of 204]
0.94862756156226502036 0.94179789801560787055 0.93180551449131776565 0.94210295177710301484 0.95124425367933540532 0.9439520712827805804 0.94657007950133853491 0.94630175593064658202 0.92497460879099036024 0.89429316421530247183 0.92702739897155694848 0.83800478457465621407 0.84903393820174644091 0.8873635053846534726 0.87641722936095955987 0.87372890690480387033 0.82987158880521427751 0.88406261405221542304 0.85304335948685128255 0.84537874619241126783 0.83262406961854396048 0.86956646830204209486 0.87781417551857354731 0.87117681314359707301 0.8555605808401456347 0.87995840786553325419 0.85416379837910982875 0.84929800853025072538 0.84555962288571018259 0.86714608905971202191 0.84338973320239807308 0.82462257105323066853 0.85522662124075454759 0.86576050231652734723 0.87482866232259026695 0.88527523224429927051 0.88922298694349899417 0.8913200936682178499 0.89190770707430921949
0.89704666934423649138 0.86802183664246213013 0.86990388671916329955 0.87798177357303586188 0.91588833671603486764 0.87754425789541801173 0.91081448034213763343 0.90612130239318888769 0.88540928466871771096 0.80639836318089175293 0.88684827006815958317 0.7427402017951874047 0.7501668562835888121 0.82577711670304365654 0.80613062236037236197 0.78920805952691053253 0.73846708682483985786 0.85083906444154699944 0.79562996742351754786 0.81330831822914984031 0.78072967246206470548 0.85234268908777588436 0.85348192740439243753 0.84082594852417580356 0.79526078958500046046 0.86374984651543484926 0.80319465559454972237 0.81305662068186412839 0.81713928779663780322 0.85576649541553173606 0.81431566762252238778 0.79266348834774669196 0.84563383770581190824 0.8597677315527607611 0.87118630243734940244 0.88482616983460538052 0.88714338045075491479 0.89089251701407923267 0.89308741674480984774
0.93776292825640206186 0.89216469748048099486 0.90107483830168411121 0.90430583846035561546 0.94203675656380247982 0.89712042121222657087 0.92662154291108622672 0.91442035118512121628 0.90080186099504644393 0.86754449715161230383 0.92282976342111355805 0.86376985043032439293 0.8027066190799511114 0.87265706617744920326 0.87196829829525268618 0.82372030738313195553 0.74369433929894956936 0.86443814503871330146 0.78997245713098029896 0.82093411276683536659 0.81821102396255729339 0.87494205273687331026 0.87784512839598149991 0.85127623598727231169 0.79395245945701220514 0.86641947631965532395 0.82317268905778528953 0.81538385216774589281 0.80066964849272670435 0.85160257042952747231 0.81677946355854369465 0.7863936229522120458 0.82094391971655311657 0.85064929332361938208 0.86358084940200763313 0.87859909983025930025 0.88629234084052466169 0.89159113734792172501 0.89115244107759017389
0.95663033021498833364 0.91259240759017812294 0.9291592339702998693 0.88670311854383854211 0.93668610760197390519 0.86875678640811249132 0.90602185429238468739 0.87945352769129248038 0.88987607948402791536 0.84880137708416669717 0.91974625271233279022 0.8980469562132437078 0.83016293147265185493 0.9124102640667365316 0.89568860363157476456 0.86717688048801944145 0.80791420699327476385 0.9165359638136898468 0.78595275605007264286 0.79765276110375005203 0.80542075782387057004 0.86489009018649076754 0.8957307267054388511 0.85899044079576336586 0.76675843492924178335 0.86932895662830467209 0.78421536980942396777 0.78382163110774816239 0.78626359220610197998 0.85290683395400568312 0.8159123520696746068 0.76279223811781593501 0.77352740614322468282 0.83840978101748342421 0.85332420938053066273 0.86496414720867820236 0.88223722162502671296 0.8886365634284900672 0.89103415622334358748
0.9715346906964731355 0.94506461724652623957 0.94179237371682711366 0.93271306224350469805 0.96665387240408917613 0.96362041002212650564 0.96614416118361157171 0.95084958660424334642 0.92519651341184450111 0.92997743045465952605 0.95599740063781879496 0.95018335550954902136 0.94434701669674581126 0.9620066144955531362 0.89575408580209603393 0.86543606392752758794 0.8296376285562009345 0.92372833045301860899 0.84094116663659002064 0.80701954551895704881 0.82133875011774815089 0.85568665294962442669 0.9023940160919750042 0.89740628470324557142 0.83418141820273805642 0.87452443448404004744 0.845334103390250724 0.83354048403373737219 0.83360098103058000163 0.86246137828331426167 0.84434287759560600062 0.80430095921799427128 0.80398330782944948947 0.8420186134980565118 0.8421926276756929175 0.85979998681803671001 0.87279818354614857601 0.87939296437022163033 0.88997496443314461079
0.95567514991267976665 0.90522180598107460092 0.90490559513750035148 0.86909660716349435017 0.92656097380250301843 0.87987536203386507161 0.90710500651596448485 0.86950753546790415793 0.85342548319292899084 0.84893284361004417438 0.92841687097873704104 0.91404052328923079962 0.91549301027570784139 0.95692047287939785427 0.88174689381279924838 0.856086387825488071 0.82878808552563465462 0.91522632280965843243 0.81705180521856568543 0.76849119935946463844 0.78760576833891471349 0.82064244326276858388 0.87458656925975652996 0.85312975385220068958 0.69179746623819415863 0.8167359337515711637 0.74935192528290928138 0.74765681553697083128 0.75415269892454739331 0.83018063501845273944 0.79548398940056641582 0.73624024294386392064 0.72680257562466632493 0.82186749678765846916 0.81517508517306458415 0.85081366766206778518 0.86666419312626852278 0.87348664926562324951 0.88365207582080562698
0.95079211590611423244 0.90727618695330569665 0.90838329285612495756 0.8653729765788747974 0.93808999257418890227 0.92611237942864244044 0.94245726174171495781 0.89575782942524639907 0.87745108830005746903 0.89079116533374935738 0.95241301151878077214 0.91875451698997301353 0.88299809372563731191 0.94596778118578761507 0.84462609538199417969 0.83427898748033801901 0.84180907144218397598 0.90960975370839669552 0.83471743088481231698 0.79791487447243247821 0.81538500534498681294 0.82186372081894754071 0.86871841761178070218 0.83462327184728157814 0.73271197343517768807 0.78788398295985406783 0.74898733932033612071 0.74686194206295608566 0.74127645759239502166 0.82394732988857066758 0.77689166610521576128 0.75581189798217296438 0.7540895833102365664 0.82218646883055646057 0.79796839263012764309 0.8337720914455282184 0.85563844197139438119 0.86689979785083248753 0.88351456321984889186
0.92943999041305347397 0.86660160229513383268 0.87395412922790205457 0.86671742145966623738 0.95270011208803184743 0.96084119117494326545 0.97390416444426797238 0.92511250674000755634 0.89706676752482572557 0.87573692614151354974 0.94819481142314687716 0.81840877010398782598 0.80427541730263185649 0.92193843221984694836 0.83654871678275277702 0.82705639992230095547 0.819157403982838761 0.89867099910176562183 0.83031521568479060846 0.8261279036484058258 0.84318419281484435768 0.81799916176952136571 0.85746066151232136487 0.81599205844509747898 0.79587718162277332201 0.84527905670053760101 0.78866926870028308816 0.73409613644167348578 0.71267577147395433368 0.82541072199028542311 0.75753337462334568997 0.77117308434001530237 0.74298659547864465136 0.81689072374073568028 0.79783528133826608908 0.82253484663323095383 0.84721602280841656896 0.86341536351430481222 0.87240743656910746395
0.96932812516145028248 0.92655447255627221281 0.91712166200693667761 0.88596028180729224921 0.98172147604896153883 0.97999154427814738622 0.98461444070460957256 0.94089658571877499149 0.86015837800154937298 0.83063818512155096485 0.93427104981304942566 0.85178266403045665989 0.8569821659584196949 0.92688369381183632889 0.87972018481607949791 0.85618932688644466822 0.7883193527369811715 0.88985747276070215062 0.79593499773411990894 0.81959228038046405551 0.8481410311740578134 0.79977877584364753805 0.83258840797873123751 0.93266794909079331344 0.94278759007015955351 0.94801448021857259718 0.90156623838976202023 0.82892250111182808059 0.77912670354324620181 0.86597881915924201923 0.79137570863566186752 0.79866208871333566055 0.79635192726288051013 0.84026167888636837944 0.8293934525207142805 0.82086697499266636502 0.82535521077039786242 0.85550110155298297876 0.85920231222551324279
0.94780032488116539025 0.8609908429812801467 0.85448615004659800309 0.80931865750136566806 0.95826281155881209983 0.94105641994920341542 0.96465934076496528959 0.86590315579797716428 0.81847836515885197262 0.81958556152205075396 0.92468575154047139009 0.84425996610785403185 0.8020620596236291977 0.90626832239388788182 0.82089083408659657692 0.80011394140283231824 0.76487886024895546111 0.88310382696964162541 0.7940975221650853344 0.81368181721922128169 0.81566247326675378471 0.7531004084429940848 0.76159945234319759155 0.84440934033383374668 0.85478602404602666009 0.90837364390850205975 0.79109931904231722832 0.7189737818997699037 0.69144534772512988852 0.82618523366502838456 0.70438928258886557288 0.72166307839451782069 0.68975576301812069335 0.79879424199443738175 0.76771300281081555905 0.77384858295889280555 0.79407154401269086641 0.84613462965889407741 0.85332071661445596522
0.94337822331766696404 0.81795401331538297729 0.78287925941363867288 0.78610265581107074961 0.94759295970690082811 0.93958935379898911311 0.97888545032898854892 0.90653811330052669337 0.80359453386589085877 0.82277717959848517548 0.91792488827183049693 0.89360224980227820346 0.84663090119910877629 0.9242726614902134763 0.85917068639188265422 0.76215436778024425735 0.72754698004816686918 0.84857404064632169227 0.77694474071094699053 0.78898593638912528636 0.82051283446808043198 0.7619152919549958547 0.76773519090332587034 0.93606990135236267658 0.92425997251599689708 0.94224036065328398148 0.83371015703950079878 0.73965388565846801328 0.7060079536250601917 0.79869265068853700917 0.73305174502752834531 0.71093337123737798677 0.65813515262509847403 0.77788538422360986591 0.74030408845282225094 0.7542223171021225081 0.781207017534017778 0.83657820609782707066 0.83856360870023050058
0.91886375982284285158 0.91326018899085403824 0.85516685133367087435 0.91686699945991867455 0.96411524143711468948 0.91345246474357866262 0.97451565793051131426 0.80163064273970963125 0.76633139207746869825 0.82619116885494525704 0.90933461977446683466 0.9087688075807692778 0.90554717544198104484 0.94839034644349440306 0.81568409662094909507 0.72448939503024145647 0.71934755524408311445 0.82986887005878373635 0.7883646479175001609 0.79812640654476108004 0.84234046965302811216 0.77719358235496860399 0.79743166527512920894 0.93790636826203988008 0.80262382745505878034 0.89539943358296136822 0.67677719265629565637 0.67912731764302891602 0.6642610935656571014 0.73153533348796140334 0.74043440930832382652 0.72868147014112549797 0.7118612451677071018 0.80862843956531171852 0.74256662550730012651 0.7251666527399398543 0.76146106534449775616 0.82752690049064248079 0.83342857450106744288
0.90174998661192318217 0.98009351582394876878 0.92697233798204847766 0.99670077629454167933 0.95005140457301662238 0.86384407488532255481 0.96405610502548511054 0.81510107959879674056 0.83332070367645694198 0.90692168587232613319 0.94237827823575714969 0.93273974959790650896 0.68640026273921528333 0.86450342978418159845 0.70436431250525799452 0.70588020073655399766 0.72538664413151954236 0.81796022530559064911 0.78409959817101071433 0.78514985535254666615 0.85617473520325704239 0.78633926241664142687 0.87520616193591493914 0.94248360070772063679 0.82501729841660198517 0.89418257317253391214 0.90113985305461141717 0.82692654715904900797 0.85211880747633506061 0.88784856044687310295 0.91141438286151599257 0.84546969819488004827 0.82450308596765786717 0.895961529167713433 0.78151558435770118738 0.71794153086461909297 0.75353517045314410971 0.82122376408623476429 0.83001772153537134447
0.86263339700983043823 0.9704545717220338652 0.89587846769732637497 0.99602696012539759796 0.93179296463229832614 0.82514676336769243736 0.95645415939936440086 0.82110276515075364401 0.81470173966347103622 0.85464179377384486003 0.92223178556806240103 0.87693270673312084806 0.69727087361193240689 0.8999669867976189952 0.74468502065265218537 0.74002723688516247602 0.7429366919914311973 0.80816361447351459102 0.73867791927993020629 0.70719188169803959276 0.79407720130235925904 0.67898078031519348841 0.80093885416737720107 0.89556796967491236749 0.67015749811083458187 0.78693414617068213612 0.79647351410132027905 0.67177062161878708935 0.69220219002121796681 0.81305637683760412227 0.85236930893791151842 0.76849609403926666396 0.73141253172219622414 0.87649590584548786598 0.71914845777613845001 0.68421658080140679292 0.69196987161781853271 0.79416220282211602566 0.80387497599019797079
0.9135242209008076486 0.95937814751428540649 0.88681544585062432873 0.99528607690362336236 0.95619681055689076388 0.81210587240221865368 0.94602278835073105867 0.82073245071669664874 0.85764374711502033843 0.92640002949419431033 0.96120654299444963087 0.86906448841016181728 0.72328068045509052997 0.90024155054090493344 0.73430505038187843247 0.72713677904614781866 0.74525576837913665162 0.79362124708450920707 0.75378437232637485188 0.7486362259521242013 0.85242276334407796057 0.77111111959658351633 0.82374079194243821078 0.85031759266549722387 0.74283923374549798435 0.80849372289883847387 0.84146306862326447629 0.84189851320305675308 0.85124001336793364558 0.92993710088438552575 0.85940764243832701297 0.83860138424876751184 0.73554933993253979185 0.8801109124793932148 0.68723679072970667026 0.69089643143470880204 0.68813094962855259062 0.78462141411403307778 0.76144014447557850644
0.8990411093685879429 0.90207007396763649876 0.83541352107217381473 0.99369124637731609528 0.92505695050011460534 0.85101608917143289901 0.95332308142020594222 0.9270958671762570269 0.94365826281152165311 0.93573219394578499575 0.95964137035487773186 0.77697335486661456283 0.67820204602047462483 0.86665618216726636458 0.7125081455218131854 0.73792560997780920484 0.75390820075362441344 0.76733050057800855637 0.73260859502381203701 0.73637131143968637126 0.89200353974025070602 0.77505181521520505328 0.8860519361588536924 0.93826180419280502676 0.8820070450806807294 0.94327059629984988387 0.88472187405573532448 0.87443583062854091104 0.84359489148768740385 0.93668970648278404578 0.80138608258947618967 0.78399267174731235297 0.69537392810885467753 0.86532640156244733376 0.69694366327714263321 0.70759506230603075316 0.71674518684078580844 0.81505947931764499703 0.76559013497866468256
0.98945915227335012876 0.98670704644796536353 0.98121687476875030232 0.99286711415817896498 0.80858681407867494251 0.76254392397039438833 0.90043557502553861482 0.7973816862087002022 0.82133995474007170934 0.8182561871614668636 0.90282046590025133437 0.75792077558140857896 0.67924996358451583678 0.85821829213580036466 0.69051148561859065911 0.72007782813908116637 0.78426275663964384322 0.77739867434256215706 0.81332986692493092207 0.86773486003441469006 0.88765994666876091301 0.79431504563343502401 0.81943909275920878699 0.98511244513140339141 0.98341464339470663347 0.98592377959562382816 0.85947897849914434154 0.80762567887532277222 0.81135499874643446372 0.91968859124358337542 0.7956416928216492046 0.69600049770874283794 0.68653901198396316552 0.84072160208660895453 0.71325912525551438126 0.79017546427991447455 0.83171220952835123175 0.87161142302243743707 0.83742870783843992299
