data/grid_wald 00p/svf_horlachtal_100.asc
ncols        204
nrows        172
xllcorner    40782.500000000000
yllcorner    212402.500000000000
cellsize     100.000000000000
[rows 102 to 118 of 172, columns 39 to 77 of 204]
0.90715288055439657899 0.92435962775669411329 0.91754807878319255554 0.92968763520681951817 0.9367602496055185135 0.93975143495434965146 0.94044398181239907686 0.94095775069794429513 0.94170520374998822888 0.94267881195892244683 0.93679456021497720108 0.85777429829090179325 0.80691826760552354258 0.87532028716217102904 0.78948481080773491581 0.83711057051968151832 0.84469149247649655265 0.79525210031600213068 0.78065582295566504634 0.82819835962960564046 0.8898467825938379816 0.84683094246379453374 0.86988635297072536279 0.87600493206906637766 0.84961410537353776462 0.76124062720261287396 0.84076933447035051561 0.87905854781705750067 0.80990362973962748416 0.85018766475968110541 0.78222260788953212884 0.90179235911647126489 0.78413582419583471861 0.87271755746025936329 0.90624339181205015858 0.95743723853134021784 0.93377052985415487374 0.92150043565772932208 0.90258480717423139605
0.9283977334089212885 0.93252644426648201303 0.91393596380402564172 0.9286685420822909931 0.93126912522938154471 0.93722946124620110098 0.92548919611649971273 0.92501736764204822716 0.93488263802779336675 0.93876169144339527417 0.94051237078946414716 0.93431340431535248037 0.85798533487856731838 0.92020738946688218629 0.76643389668078709676 0.84253461306529786601 0.86312622089804391656 0.84611685705463535179 0.81582874575114550098 0.78789787085855700344 0.87897619742649668595 0.83073233980956406874 0.86171400084973248656 0.73666181793014651191 0.89700270551755501014 0.8016107329886982269 0.89076628712893379802 0.93074726714797428873 0.89193924666669821555 0.87976399613902911412 0.8536047648579008218 0.94507510437817310311 0.89603517173659552597 0.90526304319780748209 0.91079675604712617698 0.95350891732033182802 0.9205006385422758175 0.92748079906020486352 0.92560081437212560207
0.91732673507017004066 0.92941445905826702845 0.87781339170368466451 0.91255419875719445688 0.91965758719223722473 0.92908096512332527528 0.93102141901306700866 0.93290261566908538882 0.93759471667675953199 0.9382658526897785789 0.93951106441887943799 0.92753215138875588774 0.79720891877367794365 0.90074391014040577907 0.69709994706274558407 0.79559358275493741175 0.8566824899711493746 0.85193951347977425748 0.8628522706760338723 0.87577132693789550011 0.90320442092319552785 0.88845212999510381202 0.9025056761065580746 0.82328788464403235281 0.8997869285464926703 0.78365700110944169765 0.86507376031122484861 0.92892829818031863454 0.86741444444506898837 0.8464054824479743111 0.79228410904302504214 0.94454039958312252523 0.88151498343501222266 0.89475610481428780041 0.90119087836050304485 0.95075692326117866582 0.905741719399592915 0.91681776871210374225 0.90587808128387314888
0.92780606438600665697 0.93395763160496669819 0.92830752443584585443 0.92142334048727847495 0.89161358353617914396 0.91138604149176849489 0.89597684021743417837 0.91898232978600857823 0.93017893230340475963 0.9321818306395663889 0.93266426993428419578 0.93575897249231665409 0.90696682011068929796 0.93171760702587091973 0.83380132363669590134 0.81977896371719394253 0.79135238112472683358 0.80155870897608938463 0.78403553084063615231 0.80295617838328503524 0.88229838003882743447 0.82635143717358716664 0.86444342800924200976 0.70850617246272806771 0.85129668522156154431 0.705478585647721812 0.82732046959727023605 0.92762530275600019181 0.86696806749681176729 0.85557329307423513054 0.83653171521007030353 0.9410666778327466675 0.89713458193177919586 0.88154306695669271132 0.88479261656772423272 0.94064377389541087293 0.88116291510967659217 0.89009395239944688605 0.88618387125942887916
0.92653188084323367946 0.93107535814150466091 0.93197904351600457939 0.93578932188487484733 0.9380284731480725835 0.9410390309880010129 0.92521658707301723812 0.87858697651882566859 0.92026221347717196419 0.93136227873992938342 0.9330096428905021444 0.93433979286004209541 0.92783946732844668759 0.93456002470453369835 0.81694933576534567443 0.8822643105530876273 0.91927626617297164557 0.91916045497599396796 0.84732796648494457248 0.77294560625413466504 0.81090806107926483026 0.76775847656160811638 0.78558627032632166731 0.72039335634503864902 0.71683654179719691335 0.54956465175082991337 0.75552360760458958655 0.92693453936352654399 0.85248279454691899826 0.87470473062018894161 0.87927259712496086408 0.94094514193199563223 0.90999357590455454137 0.89179119258477812515 0.8884351806122098294 0.9343272939958409129 0.87556800621558616982 0.89948231640229381334 0.89642156944578110789
0.92615969691637167749 0.93011482443455029134 0.92976578362145778645 0.93402247343706301663 0.93644268795234331115 0.93967097988550307708 0.92382455077694713985 0.85451501769221493987 0.89456556747363158433 0.91941177294337428361 0.91210923427825540966 0.90380162818552689519 0.89037667914230611554 0.9096405298411490703 0.84762090788287014487 0.87899552318338025625 0.92701996347402371157 0.92481529777907889311 0.91997200824968239363 0.91129768269959976479 0.88765543792103052123 0.87592192187081718835 0.84031497765320939397 0.77985779898693696754 0.74677897762845912855 0.61360499856742567459 0.59991902217109449591 0.87367759922716670129 0.74563005644914970294 0.84411874326530833557 0.84114360469528937081 0.93239905348687790454 0.89914383362110583686 0.89248216015052406203 0.87193187630563062651 0.92727451786712067339 0.85502158704617436946 0.89416740909671488247 0.90965903001534498262
0.92057991428948093837 0.92613882699553640165 0.92516875095972928023 0.93175624473567864037 0.93592035749891244745 0.93856405331962755589 0.9269302364864052679 0.86815285569878863914 0.89653580240423735859 0.92037096201210211177 0.92458928751880820052 0.92419616600470155809 0.92384230193312888435 0.92541625876643685 0.87418485328753559038 0.89588344264347696821 0.92692174465214138834 0.9259244751398707507 0.92124386727863361024 0.91022587328396886708 0.87978409756269060349 0.879143336740238035 0.85843093946177395637 0.82081157073046284722 0.80020440506300205552 0.72499596314771108663 0.73111510482902863917 0.90362465570380179347 0.83722330424496005374 0.88944182271780647397 0.90255763741306160863 0.93822699274553400528 0.92195297435465073388 0.91795178661250054208 0.90854567311970013677 0.93381076953252284412 0.90056169618671910726 0.91714925665569857482 0.92734928046825382264
0.91181837011193378473 0.92185979764464831554 0.91368496763700557395 0.91371520832959540748 0.88733047102049456001 0.90384941813875530059 0.88924263844557449588 0.85141858439713447027 0.84652731331729214048 0.89401826607550816117 0.85810368929210412148 0.88712063509211946943 0.8877400122187313336 0.90728731820633357064 0.89536999051127941218 0.89504855963824703213 0.91928296345124094202 0.91738246304786430496 0.91761639129529293246 0.91454459429024970163 0.90771212475475770987 0.89896834307707074174 0.87028621714850618041 0.83881304517387145214 0.80924551272656719547 0.74315059300217189975 0.70350418206212195216 0.76393970624368179312 0.61115879085647462077 0.68110481217225826711 0.76928208645388740372 0.92371556393814024943 0.86502712949840154799 0.89721384955095673241 0.8976723213139857771 0.93124017952653614927 0.87736154745595029691 0.88688192266810006448 0.89899700844133811906
0.9009397153064249153 0.91640322813477448349 0.88827378572014525915 0.88316194153420013446 0.85349504160136424602 0.89159890046190271029 0.88260417580041139463 0.87242183331729306062 0.86201295581152226344 0.89851055482024533294 0.9017384899380621599 0.91309801473444252018 0.9126122061358226123 0.91602664282939239015 0.9100526546324092525 0.90101009006118304434 0.89926810542496504741 0.89821547285333425137 0.91153637170988355276 0.91321979063841318691 0.91097247331875208509 0.90346312899220804216 0.85564327772145931661 0.84658776721795070408 0.82355017155207876911 0.78659155154835369572 0.72384677815868081474 0.75423592178959752985 0.6446352065366333095 0.66893625327460182195 0.8007344263932063555 0.90449735578355372478 0.82658151159193871127 0.89590415021665492645 0.8962979873970664535 0.91598562186397936014 0.85969130490177014803 0.86613618212811227526 0.89078677601614786319
0.91171273769736904669 0.92043045035699810885 0.88823488358753843741 0.86319319159764684724 0.86445600433456926126 0.89697663658412962739 0.8693745808182858914 0.81180062947323694544 0.84559265251069648528 0.88755327521664328927 0.90295789207931731468 0.90682779019928050346 0.89613094828988437701 0.90837264695581276808 0.88602030263658848597 0.88994844929853655913 0.9034270836385052128 0.89569055360206872862 0.90581268208239962281 0.91023432656391856099 0.9096543146514424194 0.90306308331566620407 0.82659621070130695486 0.86055894698673163212 0.84215753925516545486 0.81022082145151264054 0.72470011571929104921 0.75802693123779574247 0.60801631482084195213 0.64325030858505016784 0.75858695294571509837 0.87987632125493064894 0.75088015723409828883 0.83855898030896469653 0.73488249796959392857 0.88958394263820472769 0.77459906845278048149 0.83082987902082683362 0.86440378720571708904
0.88929248398672300358 0.90444546428259464665 0.84587538386593830175 0.79982686802218705413 0.77835202633028610641 0.86154599647706175958 0.83158879781550898436 0.81640248198204357077 0.84118518378619677733 0.87568110109010433018 0.90207608018611418199 0.9066747163376006613 0.90623808980699571691 0.91166725463675801766 0.90380982274219645589 0.90343184808528398388 0.90800197343701460895 0.90707206764948067335 0.910542314168353073 0.91137253074478286052 0.90933044083836356286 0.90392757129888345879 0.84419144988518990402 0.8630127472467749028 0.8476743385407593534 0.82649667914005719993 0.78299331030011820598 0.79272631929991510535 0.70005235975174340268 0.70289600772962257391 0.85113473452615606707 0.90768961218338739538 0.8409112439028987307 0.88687383751397363962 0.82425631551350808657 0.91444947409176668973 0.84595542512665422574 0.87187908897304977618 0.9028275601424565755
0.84074125857208559243 0.87347519809333051821 0.88227717437414909796 0.86154772174590366074 0.82316283703464998567 0.88716227249545109856 0.82349464735468957954 0.78326912815741200902 0.76131835167007844145 0.83509577242838328726 0.85147263529044214803 0.83365592388337894647 0.84464634043202602154 0.8719531896027069573 0.89527764650220553744 0.90513354966886916397 0.90571657568339836164 0.90468392509535022761 0.89893504033713200752 0.90854448837177692599 0.90478013150413871823 0.90044220405005603869 0.86476732646493414958 0.87380480277279770629 0.86110798765126295162 0.84228302641906926951 0.80988024968196592468 0.80748114053367825438 0.73585024155046685479 0.71471548775372362172 0.83220398940809259258 0.80781819999650794628 0.71822960628606358213 0.71041516148181416135 0.76325078080866548547 0.89723128057910728206 0.81011268003838488028 0.87673295123947536656 0.90057214987175526755
0.80037972819304759042 0.87113906146465991398 0.88589375303921724658 0.8778296637253835133 0.81753006608763056917 0.9028801041808266481 0.8197078103689566797 0.80236289320737541608 0.74859150098059501488 0.85635910329123132723 0.82209448522354211519 0.80720978439800383786 0.8753404986164438073 0.8919602572106393179 0.90135779915231828419 0.90357338171307843844 0.90559760713287529299 0.90545639845400571755 0.9042234481907400756 0.90039336313021323122 0.88798235574124673164 0.88224847118781013489 0.88152873373884221841 0.87834409581621708529 0.86839054855420139134 0.84975150960983192316 0.82376549874441074017 0.8242492449895687523 0.75856063829733488824 0.73361752790127154888 0.74966587326795974811 0.75945140331761495922 0.62679244414155632636 0.70129562974187209523 0.76588898497430613066 0.92223913404251789405 0.88278877171951697367 0.90877875955558407028 0.90611954312187692473
0.91551245201204800583 0.92838744375293780209 0.91475667454499920428 0.90946857780948375805 0.90930748487066836994 0.92697750874647200092 0.88629649562959111897 0.88303085896158461932 0.8895402438212715035 0.9164857978620933876 0.86806756160209586071 0.79451223536390713775 0.86519204252153780743 0.88737058736428153782 0.89925279713547567884 0.90502750620683136695 0.90605411487162768047 0.90604929793146105066 0.9045836977763749287 0.90301179727379610185 0.90011581729182899014 0.89625486301217682783 0.89144807966852546155 0.88273301523186920026 0.87561300279104825606 0.86221220325713310295 0.84319625580533208442 0.83120175023369169409 0.78717439582282144883 0.77063799552761291789 0.7483848209463812573 0.81711850121772378053 0.72231739760580437881 0.78840169911875201958 0.79257252520518606254 0.92210526869574849229 0.88119401702690436373 0.88905295763865865855 0.87056235955664584836
0.82321507971668017589 0.89414744092116338336 0.85488936783606306324 0.84991281851643751821 0.81665695475402233505 0.90029850412342626864 0.8047627874646887669 0.80369977023935534888 0.85865851068981169369 0.90921013884169454844 0.80986027792189352326 0.76757611140737158628 0.85178535558721002463 0.88375293378288843904 0.89627019253591755366 0.90137615040979346404 0.9034761209371813262 0.90409119846709351531 0.90436752088882321754 0.90286084852322145977 0.90103463958586205163 0.89737392527729431535 0.89261654186449113091 0.88633165680029646349 0.87946506240580746283 0.86829046867639447793 0.85299398212017774057 0.84748343516655899599 0.80968388408861313721 0.81108638660763843209 0.78427742105367914682 0.8420263189747336785 0.73783608653753718354 0.79854238587629700064 0.79669502816604986783 0.92529521991970731243 0.90703161066837068027 0.91555502953463929749 0.91091222228905444069
0.88390532574487667983 0.92942951028185483153 0.88090342065322868592 0.87394448751466180525 0.84072987304313806511 0.92012139304020434949 0.86588931292752113755 0.86356799568704611936 0.80064562498989011452 0.89695971357777792843 0.75317303876953722863 0.7468240677552603346 0.84427983787709015573 0.87367819780092748072 0.89012131582602294078 0.8971036585892283588 0.90041770811791210782 0.90242071283189062569 0.90438894192205454559 0.9033043909604584476 0.89910888555978529801 0.89637631720697941162 0.89404263962804242372 0.88900706922997463355 0.8817482472753441769 0.87103549321876605482 0.86119791477103180277 0.84540689380874511905 0.80311375478251567639 0.79620577447227003365 0.76913270014537027386 0.84621231475070990413 0.71805726910772582627 0.76129101560130163495 0.79924518012169698533 0.88730109303796511622 0.78390200443379820516 0.81291251791808538663 0.78734771997498187446
0.923997273521688256 0.93441558697441584602 0.92607954785899104788 0.91772842268378695962 0.91829234363346301517 0.93321624109658474211 0.88035061329086583548 0.84014031430642122089 0.78599448650922820736 0.87567758456751021434 0.77870198988998551304 0.78225918552634210457 0.83802339975536010996 0.87077349609805487773 0.88317385301104123219 0.89253970859683084971 0.89818105814938398179 0.90191015854649869699 0.9030185797736458575 0.90200910624007790695 0.90144968539980274702 0.89934010491368199247 0.89592403819610444415 0.89094425533705567943 0.8851165463945479539 0.87677221520021464407 0.86846759702898357336 0.85595847318718543129 0.82556907515530564279 0.8126885641520211756 0.79928886069109850165 0.83645480300899999193 0.73529483336208611988 0.73655644911019935162 0.76712760470429963711 0.76143306034607305399 0.69792615689440173909 0.69917030685929804079 0.69857715066543524252
