data/grid_wald 00p/svf_horlachtal_100.asc
ncols        204
nrows        172
xllcorner    40782.500000000000
yllcorner    212402.500000000000
cellsize     100.000000000000
[rows 34 to 50 of 172, columns 78 to 116 of 204]
0.90539265756379649908 0.97400920560490389377 0.91484764282344621655 0.95058023786266732102 0.9644170357385435377 0.9809809259269562931 0.97249093061095082113 0.9721184683068275767 0.97765727595573814757 0.97411498256528739059 0.96165452625377467744 0.93345917400517863793 0.86320875660611484648 0.89526134807901491808 0.87111175850108724106 0.93298483982894042654 0.87722921411663667968 0.92054979200287911922 0.92763462937717278134 0.80446430951035963197 0.91534905036462155259 0.89911805879939321606 0.88872463176296534471 0.90263979072498556899 0.8668920582629345839 0.91935904212279040415 0.931768436295011937 0.88612482974495998533 0.87105356402741451749 0.80842068250482090885 0.93339269069533870038 0.89115476544331762021 0.90058126502261515167 0.79770472515777957057 0.81688841686865532044 0.88522823675782136288 0.81894708400398008585 0.937548227053980332 0.76853419302235659316
0.88788066498783158043 0.96463464351584726764 0.86457428835875382855 0.91394722436127373566 0.94318030252669826652 0.975102361112490712 0.96704509739473343277 0.97071795355149781415 0.97506617310233301144 0.97813032572595892677 0.98260788809781096642 0.97439129137342161968 0.94793088036722950029 0.95469876070809589486 0.94708606773199277562 0.97674223116167924186 0.96925621703134678953 0.97795655829770800072 0.97639709773417848737 0.86719386987873559036 0.94054795020634118785 0.92297968583910972029 0.92261105190284042887 0.9292692263824692267 0.91402620911764564937 0.94668370213728258999 0.9496851594898362281 0.93077061180130449269 0.91306157740334326078 0.87655157364494584726 0.95620149016976951906 0.94593731363210431518 0.94256784496448475785 0.88250680722855967542 0.8920129219648601504 0.93414039932024017787 0.90181569939735395369 0.96859773450990105381 0.86927554097008530309
0.94615038883501711986 0.98625276863940491978 0.97506065908694816713 0.96705559527782070095 0.93292352053837435122 0.97513519571232321059 0.95776428473188346402 0.96557455785625778688 0.8209208866164338092 0.85512776940929524638 0.81808283210632271043 0.82384116531595330546 0.78145881873987466104 0.79094225811940210846 0.77838493241734862949 0.86628815194473718364 0.82372138789007864901 0.86886469122597487225 0.88780153089760149854 0.86697584817800654733 0.92841673570043881103 0.87862735182739326589 0.90545368525821323669 0.91289541284102881935 0.86677782817271098459 0.93570855407853725794 0.95660660806777164655 0.91461277715236422026 0.92064694605257224591 0.85295180699077399744 0.95164701969921772218 0.9331579805467065114 0.94401073328057549805 0.86462119901139244948 0.85860118431699328223 0.94734672952839416027 0.9222833747017465944 0.92762961603640547992 0.82851519039392174104
0.83057287845222715905 0.90846602969787326742 0.9204778641486112134 0.8982719351398649188 0.90828878930062950658 0.96410475734538669812 0.88180187054963610205 0.90753707659537674601 0.89587232335248523363 0.93463828787219382921 0.88467360629134284 0.84354320980988939382 0.80828958137802464634 0.81595823601043204754 0.78840992443946578128 0.83662049081389000538 0.79328126038774848805 0.81603707428636640397 0.85115523824132088837 0.82845487289419361687 0.87959252434464674231 0.86202198940817031936 0.90811286728407680791 0.90826377319186279991 0.83967552858702698693 0.91887413652572846878 0.9466111731190444134 0.86945480731272939412 0.91105462413707527514 0.84503750381519493473 0.88934693520966567881 0.85901434467171966514 0.88383993255396275934 0.85321215867576294389 0.83985790582025598994 0.92606849283890546598 0.91145520558488990481 0.87164722999961163907 0.83187369591818116632
0.90092625183798424882 0.94579612242561927893 0.95309595451724959947 0.93360304872173471846 0.93547866212994967849 0.96391791040438101756 0.91452048242500794117 0.93636856404599499992 0.92862031432086000748 0.9497283629571359187 0.92662264911891711883 0.90085812059529224438 0.88143758755183432285 0.88362037230844892033 0.88452385672964750629 0.91489036988162530939 0.91390547683502199039 0.92735340755511819211 0.93342189205149928011 0.91729999907331938314 0.93120264383297923771 0.91365245088368829407 0.93451867035684743623 0.92977525321261877966 0.90113242217345712604 0.95312631580184747904 0.96113982898696670443 0.9336988651093669489 0.93756930039433195034 0.91609711515490432898 0.95356443060604823003 0.95170660943876761451 0.94414795230252801517 0.92083562978794297749 0.90458858695470967248 0.95761247161404883244 0.96213789634254864858 0.94544882586705136784 0.91143130088133084143
0.80428811491157981006 0.86908998822253502592 0.91489024022228404576 0.92958258751193822977 0.88560504337302703437 0.93643422365802209129 0.93100539951450245191 0.94233562204264176287 0.91196307174327495559 0.94483175532824814624 0.9177146239295104202 0.91882409879396242935 0.87542953797620248757 0.89509635470588300166 0.85682692129555759752 0.86648104885829901889 0.84295204474880214285 0.86981097740430424192 0.88728468794730652736 0.87144097211812843184 0.89920108586468161516 0.88033572095774248467 0.88453497939416803053 0.90195734727079068804 0.860647388625032983 0.87796088643673497742 0.88229748088776860371 0.8457352830339902594 0.87618180248569976776 0.87463679429515073238 0.90624086005521298226 0.8453725804707488134 0.86007451624023634196 0.83269276219308396847 0.91122835984106032026 0.91465794106209508119 0.91047801924068894053 0.81018382308491698751 0.85858994301249869086
0.77346347561003137017 0.85662404484384269132 0.89115388091416214422 0.92737958282561983037 0.87674994198100630882 0.94180726337743669863 0.87890591295346620626 0.89639880550945472137 0.91213950326571391347 0.93966815359585553757 0.91080956415187885877 0.8618180888394969541 0.85773499041296985546 0.90058344663078648829 0.86656505494718283344 0.84285679637240162876 0.83199513166722494084 0.86321347631195455286 0.88448323811099127667 0.8828770521169433394 0.90104819297555316382 0.90078606549935236192 0.89673148492319165737 0.89258515990461662071 0.86628376003834306474 0.86104207966619128456 0.88720767004431966285 0.88861678007389488521 0.89859181527563236624 0.9119042660845693149 0.9190909723044445867 0.88076342187257194993 0.88323339694075275741 0.84838386204202920204 0.95045149951668383981 0.88727496327500710027 0.89946803533023078625 0.80518798213266773445 0.86140786170404770594
0.90517961398361590497 0.95406726569979483088 0.93119172278226125528 0.90753579797516670258 0.91257406353747450023 0.95171734927443674135 0.89037205568412380874 0.88016383303588596743 0.84992738923079580449 0.89807242761148764476 0.87930807028103574741 0.88376672470519457292 0.88415295460481069245 0.90673677653199369342 0.89840288762863607097 0.85351676272073329077 0.88093905167788633115 0.81957956629036710083 0.85424737801707550933 0.8645570394463581998 0.87562005281867372197 0.87839922273006809661 0.84602938131580229797 0.81997759137684722575 0.81315990750166111667 0.82644621916670413242 0.84918030243517861333 0.86686252749353931435 0.8478841709216876632 0.91178138843638789623 0.91922738724618691109 0.90340468855255473546 0.89770689358246003042 0.86674410421597802845 0.92092072874337871369 0.82958449932985101061 0.88599475313855879932 0.82999567036579124935 0.8727893452728632262
0.84405799657929381219 0.90243180988445415025 0.86674157824021302865 0.86303076969386049999 0.88343344679230584315 0.94071836454854507181 0.87302572342008000206 0.85444719877021668708 0.81651909709206704768 0.86674941168060459784 0.85117515719744718528 0.86366965092220981948 0.85411424983944916889 0.89749483427628540255 0.89204984429690747927 0.85009781579269361185 0.89582786418614146484 0.87802577665627645764 0.90349592550218538189 0.913035159212491787 0.91786451466989982251 0.91685728442438174657 0.9083504310170492646 0.90211036156250423712 0.90158296925465641891 0.90769272368305797816 0.91620315899951920713 0.92402535001016383731 0.91344595259976324453 0.93470150671163365619 0.94155859937441255259 0.93702510846120168342 0.92777719221243570846 0.91575808583724416234 0.95387055426358147159 0.9163617255411852236 0.93112003292533196408 0.89964917627555629487 0.91146210438993136016
0.97166803154676451015 0.99074881609453235853 0.97558609968017506731 0.89915275995311416679 0.79460418598438242732 0.91681150161727231751 0.8467172108943317177 0.83259973407259846301 0.75053335341118898594 0.80832877727574503623 0.77564513681189162231 0.80227500070758761552 0.79059935933343106207 0.87578723621669607446 0.82557619908234203265 0.73789559728376896697 0.87831021149515864366 0.77583478328686061865 0.8267628581083593664 0.81131510172944032444 0.82262735667413433571 0.82109545686779306095 0.80514617486637674038 0.82034815179639819505 0.82972157097060983411 0.81253092815345895339 0.81138576297257936076 0.8657432603322119391 0.80517512017453374273 0.89438318958037654749 0.92869285111658483878 0.89298289686426834955 0.881821088504753825 0.8929064476377964743 0.93323020531971045965 0.83695229753822308894 0.90726461134480251847 0.88059568439680657725 0.87377527396946153004
0.74110415205783053416 0.82940058663038351838 0.84906037245889187659 0.94272106001423217059 0.94249997316832745398 0.9672543932283083068 0.92652727506645637945 0.9349985683841636197 0.96174516476919635899 0.97150887226038262767 0.92702288476862548805 0.87630030880034515128 0.86766991207672139463 0.92757661699759319518 0.87778942287867645078 0.83728578514871543348 0.91291085157499529679 0.85396999169715348543 0.86326486424689230503 0.8335281511274025279 0.82239887974229952672 0.82990928159842303202 0.81838922485374598903 0.82276564829382858868 0.85805831963393364159 0.88370745203004552604 0.85081277179506509256 0.84197906355831297898 0.79678916108447916944 0.8455076816828400732 0.88361788771415816779 0.83516351298629587507 0.8322600872043602882 0.85617085723800445685 0.88427991343420242476 0.88349374636467981059 0.90652218985788635131 0.8649198649788477633 0.89346961131797641986
0.83394377124842966609 0.92921795423866671015 0.87611973945087606719 0.87588559389513731546 0.88510960509871938751 0.93572203772016337986 0.95382622894330759689 0.97186932854761998168 0.98008908751467360698 0.98451565529293583179 0.9807804573799450143 0.97808088324525022106 0.89166986267589465331 0.96401349947257353179 0.79494778550682798635 0.80615981643527401257 0.90581988936461010908 0.88283046973001233493 0.90697078782790407914 0.9184828320873490437 0.92293476870850410521 0.93454252627879286219 0.9335121634138856539 0.91280700623478971956 0.92755500786060929297 0.87802975388981319149 0.84745609764433260658 0.83655618724651414908 0.81970938307047169769 0.85170099416053313135 0.86940835432591923038 0.81638754959253823085 0.81800470228244526183 0.82448351494645744086 0.84195672318634340314 0.85295671576180875917 0.86499386926778565332 0.82822145714174322251 0.8878451818854747879
0.7871645944114025184 0.88479492844254137296 0.82427063930496524691 0.85877350452069500797 0.90054507281047413425 0.93790599706552846282 0.95942961015813965631 0.97028063227383087863 0.97944017922444970292 0.98496780287236140872 0.98081963057696008867 0.97798235106048159171 0.89314129344879722439 0.96467225957636282274 0.8041874101036569078 0.83915037786354618188 0.9048144996767784054 0.86955367848335574088 0.86383846333466285383 0.87088035568503396888 0.85818548507577541162 0.89752890855634936962 0.89267047055429848967 0.87850012887735429157 0.91264915879551666844 0.86206044485064181604 0.84023664292313604562 0.86802249426121946829 0.87175212582158412289 0.90216008518127266402 0.91295779092968232238 0.89909439719766759413 0.89104430985732741011 0.90185035412667602372 0.91474158920443271459 0.91977470969288588343 0.90756208900899204561 0.8845828107901776427 0.92593306841546718644
0.98629500230990507781 0.99581576188227083346 0.95316236538686638369 0.92060761201331886561 0.91570150379719139622 0.95795277010650581317 0.95161658769956980475 0.88274688235820286675 0.83109821134824746203 0.85989686903741779922 0.88517341930622783774 0.83985138621138155646 0.82537718299360618435 0.88461038439251160614 0.81163909124640098991 0.86726699826689912509 0.90939410077075599759 0.92011263594865277948 0.92549472005953625775 0.93382161937160113041 0.9360745482793237926 0.95447563606571250716 0.92674248367616407496 0.91352346907382142582 0.93986045874626411578 0.90242699424471650715 0.86621548528137226608 0.84014588467087514267 0.87048948285210225873 0.85080117923260079049 0.85162387380152848593 0.8499996489548300449 0.85511162878768487428 0.83991881507663856965 0.82763100159081071094 0.83155329926756915704 0.81552463461789070909 0.86094093841775309883 0.83473745646676877907
0.9616995360723722408 0.98048003149265994249 0.97837440936284758575 0.91592160892686025342 0.7388818276245004979 0.88419228788298520616 0.84819934892132275994 0.88375119013023695214 0.83273700140223971822 0.87761043912799030497 0.82744303455474843556 0.8380005989760413998 0.81698524970689190283 0.87968000889140818277 0.87677426108647305014 0.87572631404380174569 0.91208481080872261249 0.91364202818047202115 0.92772698503611350507 0.93610555655601146441 0.92867378096423935929 0.95223362478624196115 0.89027903143395414887 0.8610832414260409795 0.92918329168702407106 0.84760150329924366375 0.84783113366637963271 0.80777084520279140989 0.86717276264591669488 0.81916791750537187866 0.83963739708267537409 0.83813785262987905433 0.8409064300791355695 0.82962823083087489096 0.84161735970796114348 0.86536182357397717357 0.83925028369778054138 0.85157816629057325741 0.8418339321427539268
0.85726034448404775379 0.88212101609180082473 0.94332826937863556438 0.97900398547153344442 0.89178157563104554217 0.96402327775645901831 0.85739528820943755605 0.83708798921850635644 0.80115820216678101939 0.87578434274355076994 0.84457003528060059505 0.86471589897124789825 0.88530515073808491167 0.91724545886112052173 0.92329977986080769004 0.93201652995744110886 0.94437536255655252226 0.94274887696350440081 0.93954427066841417204 0.95768262758836641968 0.96175071373741816139 0.96789818382799297503 0.81824019773289780044 0.75809784472232655261 0.88408996867656908236 0.79837687161785497736 0.76160539562233597888 0.75870473243904912319 0.84237271206419772618 0.80688731016834802645 0.83873876968607996574 0.85008653421187219124 0.84391068446102901479 0.85480065164371055175 0.87099496511193441606 0.88560586791547235563 0.87241281905723822021 0.86588332845592819176 0.85159750921764065801
0.9558030204077883063 0.96414477772338080808 0.97955245349778663488 0.98984762986760643777 0.87858790878308856698 0.9323414897840019977 0.80850529062904064048 0.8214546931203510205 0.83500543670524929318 0.88056961933670141462 0.86664295899646548449 0.87632904513059606266 0.8941158714438410815 0.91676069593022546655 0.92274392149569273158 0.92610416220786839769 0.93879069336205966945 0.93127748710078350758 0.90963748326224491692 0.92802368859794404088 0.93351353196247166544 0.96467076963613429541 0.80647265595873252053 0.80074688986246456146 0.89576160342383259749 0.83742603347683042259 0.81376919574666650714 0.81477451756063523636 0.85325525149858061358 0.8444634988365478101 0.84744493759145311795 0.85030760401759075684 0.84062889543094454492 0.85311911180870825255 0.86400006913314164603 0.88519926272461946226 0.87723393181459841106 0.88168423852033894761 0.87480912919589959298
