data/grid_wald 00p/svf_horlachtal_100.asc
ncols        204
nrows        172
xllcorner    40782.500000000000
yllcorner    212402.500000000000
cellsize     100.000000000000
[rows 68 to 84 of 172, columns 156 to 194 of 204]
0.93680675998003082317 0.93333889961451055317 0.9060493432310212647 0.83330811518072755995 0.87684555134908781504 0.86181270901156059594 0.87398675821003468656 0.88988236099328943407 0.8223186159410853513 0.85524800959200020234 0.92688910843254623817 0.94316770992121645723 0.88316789925035221742 0.7946784031459629416 0.96269923643335630903 0.7968761905641691401 0.9073374168119617833 0.77248240987177296812 0.8026280729041991302 0.88144088812478949002 0.88917632521183831429 0.90616626138714251315 0.91711056092605225398 0.93667745417918046869 0.91111379121451951946 0.85061933545431744896 0.8435927944680936541 0.8965574433595363546 0.89168608704181961944 0.87761629235266902516 0.87047403775440967966 0.88830157796326414399 0.89090020454752183454 0.8887182723768147774 0.90998452245854055676 0.9236015259038319325 0.93700489406599885012 0.94222589300445314109 0.93406935025149251395
0.91787575931333287294 0.91827772321995704274 0.89496597425984247831 0.82107269572514596234 0.87038792004400733493 0.84735120017965970263 0.84726124599812158156 0.87160269258165723461 0.78455677579958960077 0.80084884233565145628 0.88020030581039609974 0.91846200252753995574 0.8753166460925828618 0.87095416111869250475 0.98847992575984300334 0.85707758782592513569 0.93728345990059047654 0.81823906868101292655 0.82966403081108186512 0.88140142726164161235 0.84880767424990888337 0.8637472628622113735 0.88100395551996646404 0.91644469323322197418 0.89889381423602565668 0.85360273854035673136 0.8334278077247190275 0.88151202879759149589 0.86650667216129917403 0.84640677431796551566 0.83184912479873729385 0.855678063654261023 0.85496670223243509401 0.84269225703973116293 0.87009873040640561825 0.86746113290816295738 0.89995071785008162735 0.88821393879229404433 0.86905225876564395904
0.8993882573069080788 0.91686662741398117227 0.88305422287992985098 0.81401229947353637151 0.87113625487137957837 0.83835061358117257679 0.83514379064931509866 0.89415418391018930411 0.81474497727173555983 0.78953380621121838079 0.87239137903676444719 0.95846320920628691464 0.94075504728274417232 0.92910957870287902427 0.94660648937313573992 0.78442048003812292478 0.89240877748447899886 0.82662170736107087876 0.8672836892234055961 0.88579744826582318407 0.877979111539074486 0.89717011935296597791 0.84223755213449613688 0.91755042524553742656 0.82047095611100540058 0.84769641328783007506 0.81829959297730259227 0.85434475329181247538 0.82416763164243578288 0.76546697160373433633 0.78181672934332946401 0.81187308413835868048 0.8305405407580755961 0.84545836837643195683 0.87053555814584138162 0.88573818100653833874 0.92874252530262402239 0.92624923652622725978 0.86161324895468438534
0.91475650791473961387 0.91539377404135258143 0.89093775570482902637 0.80329093020996333863 0.87163964575964414383 0.82564193211853831311 0.80620216935703181704 0.89080353657093402919 0.78256533139844086655 0.79524092256139178314 0.89350161465237021297 0.97571378430715149932 0.96950510313838400567 0.96401050760375417426 0.9546299302698005862 0.81430780959735327151 0.9194980030512065472 0.8229215652919713575 0.86873850265219909605 0.84060087330028832042 0.97361774746888407606 0.92237975789070225652 0.78775822655704197395 0.90248234064944354849 0.81172651032576004226 0.83440282387068054337 0.75919002435290483533 0.77574220162885854091 0.77838581654168104151 0.71122579360725413089 0.73438114314822389161 0.78098454769093939021 0.81412992562061670121 0.8302113901064092083 0.83981859919914325641 0.87184270023280041606 0.92629232210451584173 0.928996440766664211 0.83514889390893654042
0.92802531957264255968 0.92017185416173064016 0.90778695334701653419 0.83180735867733723854 0.87620883352789846743 0.83910874422774106574 0.85852031986324239821 0.88708116386063429193 0.79670466625552605056 0.77455570741666202039 0.92255535638028918211 0.992931361815250213 0.99342540955226610322 0.98752960643538378882 0.95718244929750306849 0.90289938449833884171 0.94697765902055963672 0.92024551980363034076 0.94731244042767981384 0.95927534260830826796 0.97216804449224403228 0.79784734878195140428 0.79357321255762081069 0.87388658537827601513 0.89436796399438378558 0.91861742286003478242 0.9187043586402068307 0.92308878362993196376 0.90004268559555400397 0.8677868774923328532 0.87364820447418878313 0.89663498749233006002 0.90885619447649723668 0.92364422883420949084 0.93350162575438211388 0.94697693195359278207 0.95055625676087118769 0.89507079190444427397 0.86447497437590614666
0.90686648278320047822 0.89596991750047516589 0.88175369997227870389 0.80168016730443469875 0.86506696065230659354 0.81371614802272096423 0.82989868308498260241 0.87569100852208781038 0.77460796267718867725 0.75115674941848842305 0.87800185066605707096 0.98774252930761408109 0.98177223966842142033 0.96748794084862110854 0.91467578203772470502 0.84385492798825534333 0.91900306861151925819 0.85220598895016330676 0.91271705116126966573 0.93684771019933421599 0.96200147264576640893 0.7710177630838538354 0.76778342287515222164 0.82872112541241060857 0.84450052098757877328 0.87145732204826342748 0.85688328848484951461 0.86010135861901604315 0.81168696127510997496 0.73823940338646287795 0.74799757331750804656 0.80573063539715039649 0.82124959642754724598 0.84185859953515906895 0.85136177301465842948 0.90032483018702136324 0.90805139438038073862 0.84929067098447974526 0.82158934980775633061
0.91964103216277137687 0.90513959944430544269 0.88980766841243763565 0.83217614297473740947 0.86682461661947507459 0.82820022875810050955 0.84527164266810383975 0.89223028724214636931 0.82627436549024868562 0.77365492427788928875 0.81261654867317190121 0.98750244401935183269 0.97574839094112653104 0.97572599594793962829 0.91188768457469526751 0.90843036453891778947 0.94641397180032649228 0.90250769498549487935 0.91320588067159613743 0.93897175012826117335 0.94047233563489873731 0.78197072081864282822 0.80691548311898753099 0.82927988064573765481 0.86987937152720928857 0.8968529208056182922 0.8701450979492713067 0.86134468373971817545 0.86615628388947185634 0.79253615298026447444 0.75988240915881144488 0.8307677373479238625 0.84434968256054365732 0.90058522945438168605 0.93929014139833788555 0.96109007058902584664 0.90814462463315082097 0.8773378349077326499 0.85956675740469223879
0.92993218427829882344 0.89808805020373183581 0.87670147290865285683 0.8460430342399275494 0.86095257960786186757 0.82295464909881077542 0.8090466826115320087 0.8969231964171984206 0.83461415361554636139 0.80105273236722251973 0.77173966590453724201 0.97808767793410289482 0.92832933386978533363 0.99200297295313866197 0.90985519539407933021 0.89249453109724319333 0.93112256946810012526 0.89491057192164413792 0.91921388711422125084 0.94647804311936567512 0.8650718455571249077 0.83203050766041630748 0.83739142110795528051 0.83999722627240958062 0.89741592164452632652 0.88262748138918956098 0.85667428645270238263 0.83182938350293822438 0.85948996341309369384 0.86650172784626278144 0.80014939035784449217 0.87209856221467130233 0.88425858976440308012 0.90487328798535893171 0.91864879759620654553 0.95662103294873901405 0.89684819248748715026 0.89568595124258487683 0.90093232253040611557
0.9072734688774958256 0.86986276268617790386 0.84404586292428251948 0.84328231670593067903 0.86096851592431844491 0.830175034216748986 0.80406131637502942233 0.90597861097637299999 0.84942484787607808183 0.79560132503738811849 0.78470263669497997139 0.96549291065251729993 0.88504329090117805912 0.9911747813211717606 0.9851852109569220195 0.94420548657223557498 0.97337841222149634746 0.97412877960951915757 0.95738718803880118458 0.97971482312971247541 0.91069715518571436874 0.91468253256865539313 0.94225952428840309416 0.96153280480629055305 0.96895493354892225923 0.95430852515963715543 0.99347210434452071226 0.99437470162928087714 0.99509328495337379117 0.99512388146283703438 0.93547876050156864025 0.98692148701095072649 0.87779712742932192171 0.87131548256782587192 0.8771449468437065855 0.9602311401427443549 0.91353886486139401768 0.83730509509657713441 0.80480192397064820309
0.90595555733555599431 0.88168750706261900252 0.84498495724950706265 0.84031080742539532302 0.84801138545851850736 0.80561785406192643055 0.78155103430504724304 0.90287828769172362442 0.84110681295426414916 0.78398475733411254751 0.77429548454624674836 0.96398214713449148494 0.86613973176595204784 0.96671653141905289353 0.94330509840737752913 0.85074784179514861826 0.916162102303586523 0.92328350736556308309 0.89647261314334814042 0.94461806216989274709 0.84846897265361975737 0.83371747635107773533 0.86736908519042499321 0.88829740504458587491 0.92374994241329311251 0.93700984481675275717 0.99359586432213220508 0.99452323317868951413 0.99519294679488701227 0.99528885585833160032 0.94272400137098499862 0.98529116824704532362 0.88557977697652645599 0.8730993934760200581 0.89147985951413233341 0.95826579187540927851 0.92977549542348114642 0.86804984783194427678 0.85856058835640858273
0.89936997983808586454 0.87234766011680353603 0.82528570585800420378 0.84821519642798581806 0.85019731878777682343 0.8300513042714683376 0.8325789390795999001 0.90568677858792434598 0.84347991064547622742 0.816210791043470274 0.77522191041826760127 0.95986527530074583492 0.86580788577278888773 0.94721155531540091044 0.99860684021003109923 0.97228782003823566171 0.99403747698736966143 0.98821413207209241047 0.98695164928481227129 0.99468253519951232988 0.97001377257330601012 0.95518406969618419033 0.97778301321005878233 0.99186027224348094489 0.98700822287851863734 0.98421025056204314296 0.96557598320008053427 0.963321963115217339 0.95037628286643893727 0.94188113618487001588 0.89762160022249182223 0.94899716753317597817 0.90346851879018563736 0.83889299835613106993 0.80708372428802421794 0.90366786963660117316 0.85856283329972182816 0.81708440598666287613 0.86330043158691405214
0.9155303835958668035 0.89223175427979706242 0.85893790041484874287 0.86203785162870205649 0.85376219296382260815 0.8329058596848619711 0.85466704748608846032 0.90672186796816889309 0.85526403782596271963 0.85509520075074418877 0.80730377597556368663 0.96876194340003685124 0.88711602419877222392 0.99668608687712501037 0.99660252707074981071 0.76123937364868998756 0.88102141550075974141 0.81374989738849590193 0.92805911704844001875 0.95977168448325533845 0.97549734482405547897 0.98622579080701244791 0.9683703641886758362 0.98692078070897970576 0.98108102010007636196 0.95528695052807188759 0.86853473128083813481 0.91607245936140957454 0.82362850505165485782 0.81063147481631725455 0.80073920802446374445 0.87162850346713238725 0.87397272650241031311 0.83332741733311410659 0.81360912492286785458 0.90209982196854687775 0.81226654083643867743 0.80254676273842839862 0.82020584298076049112
0.91312555438138909292 0.89920554411630126967 0.87756580616294932451 0.87114647655060639675 0.85554695190131069271 0.84761358100505690416 0.85477001629744020494 0.92664094778284367138 0.9031481940761550975 0.89258929434715739148 0.82077734762655907286 0.87128983433936102454 0.75499289953316628399 0.8574677794034621936 0.98650313906822928445 0.83123256974020165444 0.92511096765724021296 0.80569242193940571184 0.82585071568429413436 0.85756315343828981579 0.82707654298113109093 0.76835651911934066405 0.77240559062973923599 0.78296135969274194277 0.81188460303549647712 0.82786562421464215955 0.80091031669875356602 0.85069908272134076022 0.82029558978223016119 0.80447815667447530874 0.79046276579510776905 0.84466528025683618175 0.83035344104561870093 0.81909644699338712837 0.82231219354027806911 0.89598087904886491994 0.80487440316145542063 0.81823904029298200058 0.83437528929682458489
0.90589302257861725742 0.88670057206318231291 0.85710357814690152356 0.84887584896560963621 0.82129131582174352832 0.80929043950375556538 0.80475159696107811946 0.90792827898324668379 0.86589863900305863442 0.89350880899735507512 0.87518897161938746798 0.92611180450450147905 0.85786749979938747845 0.92417165035499693193 0.99545749218529921976 0.85693653211727527363 0.94829955285281897215 0.83539325898895178124 0.90921283080444892377 0.93434257270250187233 0.93471549288401212241 0.89408193439702232652 0.89575034085938498585 0.91454250210265108922 0.92495388436176162461 0.92006602215461286143 0.89955272433919630792 0.92562043264587756664 0.90354137851417293259 0.89859759309794895454 0.89656966137331928213 0.91694465054755036615 0.90368114029018187239 0.90344994623475727291 0.89059775931741980148 0.91959625518716725523 0.85201513338757473015 0.85824888626356110599 0.86994308905962580702
0.89902725581139975031 0.86764269650311609539 0.86425598112211343693 0.86039345062804251096 0.83346355729141829993 0.82449041467151906737 0.77913469685220526628 0.89713844499962780432 0.8708697187910428017 0.90434229820196732064 0.8855871509382129414 0.87956903192203028663 0.7854035571137777394 0.79096130675422338108 0.98438723905532066194 0.90774852581481213498 0.96560860693922256903 0.85806268499462934329 0.89566640701522537427 0.93183398443943588063 0.94232635034690459541 0.90736348400016053617 0.87191563777797909118 0.91625283336024077041 0.82212837147184358866 0.83356152861710652857 0.83115761222645023754 0.87874010526425549994 0.87636847222744951313 0.85974352989106572753 0.82636312201930062216 0.8808573315780807711 0.84600177843878976436 0.85733922616357038926 0.82885386938100302778 0.89744395856923431243 0.83104423795093151917 0.86065630710219109822 0.85639931687315984377
0.89989756590239755596 0.85104352626135315596 0.87021292205591094238 0.87376912765536973726 0.84309052930051331387 0.79107204165410971441 0.7720023840696961237 0.9111733778025710162 0.87240933505195061848 0.90293494837341470305 0.90953277508524243977 0.91316914867377541043 0.8591358461093149268 0.78587796579241986361 0.98566566731725990813 0.96547287153569194551 0.98038770557517218585 0.87893890058774204466 0.88813180596769591979 0.93737016439496079201 0.94508933581125376122 0.93503670266985272619 0.90527370335690171554 0.94508312900566104897 0.86639019554788077038 0.85955214140019342572 0.82891084332073938779 0.89822586845159468893 0.83265864949585699506 0.8288364035933101226 0.80354675356296811906 0.86970167893284189287 0.8272184042115371394 0.78446041098287211391 0.73427574691870345358 0.82387140930685842655 0.79477349113670592295 0.8132809865523987769 0.80018117976929170609
0.91272176704118812562 0.89221187113767896903 0.88564664993644903745 0.87093148102695772117 0.84607741631985589059 0.78177765034699120417 0.84678588587341929728 0.97500381919269074604 0.97436229489473902277 0.95916016642251988866 0.93051306811239498096 0.93683006472879526427 0.91505219036786578091 0.85874711297445172065 0.98821619205247068773 0.84642092951729142047 0.92232000257479362926 0.88143032248870722967 0.92514124904358352453 0.94839591012654189672 0.95624512799825744924 0.95068901321419474471 0.93273475930889460095 0.9577348376444874134 0.93387928633828165559 0.91147575479704967538 0.87009621723018115702 0.92380030458600537191 0.8315124575630243875 0.82716340719840264484 0.7972848220430289734 0.85747690990977409875 0.81118275413905227555 0.80027344274750988884 0.79039009380324076748 0.84557693978203651852 0.8574710874129743976 0.87133884532091787634 0.85252458918719309366
